# v_px_y v_px_z v_py_z c_thermo_press[4] c_thermo_press[5] c_thermo_press[6]
# total number of atoms: ${natoms}
# Timestep: 120000000
0 0.000517845 0.000517578 0.000517757 0.000129374 0.000129165 0.000129192 
0.001 0.000516103 0.000515833 0.000516012 0.000128938 0.000128729 0.000128756 
0.002 0.000510914 0.000510636 0.000510812 0.000127642 0.000127431 0.000127458 
0.003 0.000502385 0.000502096 0.000502266 0.000125511 0.000125296 0.000125324 
0.004 0.000490695 0.000490389 0.000490552 0.000122591 0.00012237 0.000122399 
0.005 0.000476086 0.000475759 0.000475915 0.000118941 0.000118713 0.000118744 
0.006 0.000458862 0.000458511 0.000458656 0.000114639 0.000114402 0.000114435 
0.007 0.00043938 0.000439001 0.000439135 0.000109772 0.000109526 0.00010956 
0.008 0.000418039 0.00041763 0.000417752 0.00010444 0.000104185 0.000104221 
0.009 0.000395279 0.000394838 0.000394945 9.87547e-05 9.84883e-05 9.85272e-05 
0.01 0.000371563 0.000371089 0.000371181 9.28301e-05 9.25526e-05 9.2594e-05 
0.011 0.000347372 0.000346865 0.000346941 8.67869e-05 8.64982e-05 8.65419e-05 
0.012 0.000323193 0.000322653 0.000322713 8.07468e-05 8.04469e-05 8.0493e-05 
0.013 0.000299508 0.000298936 0.00029898 7.48302e-05 7.45196e-05 7.45679e-05 
0.014 0.000276786 0.000276184 0.000276211 6.91542e-05 6.88334e-05 6.88838e-05 
0.015 0.000255471 0.000254841 0.000254852 6.38297e-05 6.34995e-05 6.35518e-05 
0.016 0.00023652 0.000235867 0.000235862 5.90959e-05 5.87576e-05 5.88115e-05 
0.018 0.00020455 0.000203861 0.000203827 5.11106e-05 5.07594e-05 5.08157e-05 
0.02 0.000183546 0.000182839 0.000182781 4.58653e-05 4.55069e-05 4.55642e-05 
0.022 0.000174876 0.00017417 0.000174094 4.37012e-05 4.33421e-05 4.33989e-05 
0.024 0.000178855 0.000178171 0.000178085 4.46974e-05 4.4344e-05 4.43987e-05 
0.026 0.000194732 0.000194088 0.000194001 4.86662e-05 4.83243e-05 4.83756e-05 
0.028 0.000220761 0.00022017 0.000220092 5.51708e-05 5.48455e-05 5.48919e-05 
0.03 0.000254343 0.000253816 0.000253756 6.35622e-05 6.32569e-05 6.32977e-05 
0.032 0.000292433 0.000291974 0.00029194 7.30791e-05 7.27955e-05 7.283e-05 
0.036 0.000365012 0.000364675 0.000364708 9.12119e-05 9.09686e-05 9.09914e-05 
0.04 0.000413287 0.000413028 0.000413134 0.000103271 0.000103054 0.000103068 
0.044 0.000418205 0.000417956 0.000418121 0.000104497 0.000104283 0.000104295 
0.048 0.000375098 0.000374794 0.000374983 9.37267e-05 9.34902e-05 9.35081e-05 
0.052 0.000295099 0.0002947 0.000294868 7.37416e-05 7.34668e-05 7.34949e-05 
0.056 0.000201104 0.000200606 0.00020071 5.02631e-05 4.99467e-05 4.99866e-05 
0.06 0.000119872 0.00011931 0.000119323 2.99762e-05 2.96294e-05 2.96788e-05 
0.064 8.43548e-05 8.38011e-05 8.37322e-05 2.11116e-05 2.07629e-05 2.08138e-05 
0.072 0.000115199 0.000114787 0.000114655 2.8831e-05 2.85328e-05 2.85695e-05 
0.08 0.000226069 0.000225835 0.000225836 5.65285e-05 5.63105e-05 5.63207e-05 
0.088 0.000258828 0.000258609 0.000258807 6.4697e-05 6.45002e-05 6.45035e-05 
0.096 0.000157126 0.000156788 0.000157016 3.92754e-05 3.90282e-05 3.90571e-05 
0.104 2.73504e-05 2.6951e-05 2.69935e-05 6.85487e-06 6.56603e-06 6.627e-06 
0.112 2.79712e-06 2.49324e-06 2.34145e-06 7.30054e-07 4.79764e-07 5.43476e-07 
0.12 8.68525e-05 8.66917e-05 8.6566e-05 2.17295e-05 2.1571e-05 2.16045e-05 
0.128 0.000132578 0.000132418 0.000132484 3.31319e-05 3.30073e-05 3.30259e-05 
0.144 3.24015e-05 3.22008e-05 3.22335e-05 8.07376e-06 7.90789e-06 7.97791e-06 
0.16 1.57519e-05 1.57339e-05 1.54352e-05 3.93087e-06 3.83287e-06 3.90881e-06 
0.176 7.41405e-05 7.40869e-05 7.39981e-05 1.8496e-05 1.84385e-05 1.84724e-05 
0.192 -1.77218e-05 -1.76817e-05 -1.8014e-05 -4.45435e-06 -4.57133e-06 -4.46384e-06 
0.208 2.5543e-05 2.56746e-05 2.51948e-05 6.39431e-06 6.34182e-06 6.41521e-06 
0.224 2.64828e-05 2.64178e-05 2.62201e-05 6.61069e-06 6.50028e-06 6.55577e-06 
0.24 -1.70446e-05 -1.69736e-05 -1.74482e-05 -4.23317e-06 -4.38034e-06 -4.23395e-06 
0.256 1.31671e-05 1.30657e-05 1.27497e-05 3.33474e-06 3.17046e-06 3.28125e-06 
0.288 1.41765e-05 1.40496e-05 1.37246e-05 3.60956e-06 3.39647e-06 3.5481e-06 
0.32 2.13573e-05 2.12348e-05 2.09185e-05 5.40236e-06 5.13262e-06 5.3048e-06 
0.352 2.92864e-05 2.93198e-05 2.88411e-05 7.38219e-06 7.06655e-06 7.25456e-06 
0.384 3.41909e-05 3.44647e-05 3.36763e-05 8.5879e-06 8.30779e-06 8.50854e-06 
0.416 3.17539e-05 3.20485e-05 3.10798e-05 7.91362e-06 7.73774e-06 7.90824e-06 
0.448 2.62197e-05 2.63911e-05 2.54606e-05 6.48242e-06 6.36725e-06 6.51228e-06 
0.48 2.4251e-05 2.44029e-05 2.35684e-05 6.02148e-06 5.90752e-06 6.0736e-06 
0.512 2.16842e-05 2.18966e-05 2.11164e-05 5.43771e-06 5.32427e-06 5.48237e-06 
0.576 1.30182e-05 1.32853e-05 1.25531e-05 3.30251e-06 3.18417e-06 3.25424e-06 
0.64 1.2512e-05 1.30358e-05 1.22314e-05 3.2037e-06 3.07999e-06 3.06033e-06 
0.704 1.33985e-05 1.39057e-05 1.3151e-05 3.3788e-06 3.27366e-06 3.17391e-06 
0.768 1.56815e-05 1.60822e-05 1.53683e-05 3.96773e-06 3.83646e-06 3.76922e-06 
0.832 1.46998e-05 1.50106e-05 1.44388e-05 3.72406e-06 3.58856e-06 3.53159e-06 
0.896 1.4182e-05 1.45778e-05 1.43858e-05 3.56489e-06 3.4766e-06 3.43785e-06 
0.96 1.10074e-05 1.14373e-05 1.15339e-05 2.65738e-06 2.69486e-06 2.74622e-06 
1.024 1.15754e-05 1.19829e-05 1.18778e-05 2.7035e-06 2.7848e-06 2.87503e-06 
1.152 1.1786e-05 1.20808e-05 1.14618e-05 2.7541e-06 2.79812e-06 2.80976e-06 
1.28 1.04763e-05 1.1582e-05 1.07218e-05 2.57221e-06 2.66378e-06 2.51853e-06 
1.408 9.3723e-06 1.02755e-05 9.93145e-06 2.36971e-06 2.41363e-06 2.31602e-06 
1.536 9.67666e-06 9.92932e-06 9.42391e-06 2.33722e-06 2.29933e-06 2.2841e-06 
1.664 9.12279e-06 9.72511e-06 8.97636e-06 2.35556e-06 2.12901e-06 2.16017e-06 
1.792 8.55616e-06 9.2511e-06 8.6668e-06 2.10692e-06 2.02197e-06 2.20081e-06 
1.92 8.41704e-06 8.84816e-06 8.27928e-06 2.01044e-06 2.00652e-06 2.19847e-06 
2.048 8.28396e-06 8.22222e-06 7.86653e-06 2.06362e-06 1.92237e-06 1.98333e-06 
2.304 7.49448e-06 7.93495e-06 6.94269e-06 1.84482e-06 1.87676e-06 1.9196e-06 
2.56 6.96805e-06 7.46547e-06 6.61424e-06 1.82282e-06 1.66665e-06 1.80848e-06 
2.816 6.94821e-06 7.1242e-06 6.30084e-06 1.74421e-06 1.65787e-06 1.66477e-06 
3.072 6.35059e-06 6.24284e-06 6.04372e-06 1.56611e-06 1.5769e-06 1.56026e-06 
3.328 5.73289e-06 6.28672e-06 5.98512e-06 1.43604e-06 1.53519e-06 1.55835e-06 
3.584 5.32467e-06 5.84923e-06 5.36252e-06 1.4062e-06 1.50224e-06 1.47493e-06 
3.84 4.92897e-06 5.71527e-06 5.29428e-06 1.40885e-06 1.39673e-06 1.23071e-06 
4.096 4.84477e-06 5.496e-06 5.29052e-06 1.30383e-06 1.3006e-06 1.24409e-06 
4.608 4.63372e-06 5.40831e-06 4.87728e-06 1.18827e-06 1.07856e-06 1.1908e-06 
5.12 4.29138e-06 4.80501e-06 4.65291e-06 1.13581e-06 1.09903e-06 9.95541e-07 
5.632 4.10917e-06 4.55156e-06 4.14063e-06 1.13502e-06 9.46878e-07 1.13292e-06 
6.144 3.49658e-06 3.98107e-06 3.80159e-06 9.70663e-07 8.98535e-07 1.09999e-06 
6.656 3.57711e-06 3.84113e-06 3.4445e-06 9.82429e-07 9.24553e-07 9.91211e-07 
7.168 3.3813e-06 3.62839e-06 3.45618e-06 9.74251e-07 8.82134e-07 9.19803e-07 
7.68 3.27401e-06 3.37574e-06 3.48125e-06 8.70903e-07 7.96508e-07 8.3301e-07 
8.192 3.20341e-06 3.39985e-06 3.155e-06 7.88348e-07 7.63289e-07 7.86755e-07 
9.216 2.91269e-06 2.91702e-06 2.90503e-06 8.1361e-07 6.77271e-07 7.80415e-07 
10.24 2.65772e-06 2.66584e-06 2.60933e-06 7.84357e-07 7.41919e-07 8.04802e-07 
11.264 2.99029e-06 3.08725e-06 2.87163e-06 7.41567e-07 7.03739e-07 6.09842e-07 
12.288 2.51844e-06 2.84774e-06 2.58435e-06 7.48711e-07 6.27618e-07 5.90087e-07 
13.312 1.9085e-06 2.53771e-06 2.34226e-06 6.70564e-07 6.04559e-07 5.68576e-07 
14.336 1.98319e-06 2.76165e-06 2.16782e-06 5.50358e-07 5.32275e-07 5.38182e-07 
15.36 2.08303e-06 2.52428e-06 2.22514e-06 5.54161e-07 5.60766e-07 4.67458e-07 
16.384 2.06137e-06 2.48398e-06 2.01483e-06 5.15605e-07 5.59158e-07 5.14936e-07 
18.432 1.82683e-06 2.29394e-06 2.04076e-06 4.15827e-07 4.64918e-07 5.12841e-07 
20.48 1.44979e-06 1.91571e-06 1.83853e-06 4.41737e-07 4.92192e-07 4.5476e-07 
22.528 1.7438e-06 1.93045e-06 1.7964e-06 4.4606e-07 3.73389e-07 3.67442e-07 
24.576 1.42995e-06 1.86153e-06 1.66263e-06 4.03152e-07 4.131e-07 3.82232e-07 
26.624 1.50036e-06 1.88693e-06 1.27098e-06 3.79998e-07 3.52921e-07 4.00329e-07 
28.672 1.50806e-06 1.53515e-06 1.40123e-06 3.96716e-07 2.92374e-07 3.7838e-07 
30.72 1.45857e-06 1.24785e-06 1.15155e-06 3.2415e-07 3.6514e-07 3.27605e-07 
32.768 1.35032e-06 1.47875e-06 1.1104e-06 3.34192e-07 3.3302e-07 2.88535e-07 
36.864 1.51186e-06 1.33605e-06 1.33435e-06 2.39034e-07 3.29277e-07 2.88197e-07 
40.96 1.26172e-06 1.43159e-06 1.09772e-06 2.67479e-07 3.13206e-07 2.34935e-07 
45.056 9.51175e-07 1.15021e-06 7.75088e-07 3.09433e-07 2.53358e-07 2.77093e-07 
49.152 9.79375e-07 1.08834e-06 1.06297e-06 2.37264e-07 2.54245e-07 2.26435e-07 
53.248 8.0099e-07 1.282e-06 9.32024e-07 1.74931e-07 2.12713e-07 2.4649e-07 
57.344 6.82222e-07 1.07986e-06 5.92192e-07 2.25066e-07 2.18832e-07 1.62123e-07 
61.44 5.786e-07 1.11511e-06 6.62356e-07 2.07063e-07 2.06901e-07 1.78883e-07 
65.536 5.76887e-07 1.00509e-06 6.27978e-07 2.00835e-07 2.14809e-07 2.03114e-07 
73.728 7.27117e-07 9.15839e-07 9.09674e-07 1.57538e-07 2.31473e-07 1.45474e-07 
81.92 5.7724e-07 8.15152e-07 6.40179e-07 1.46365e-07 1.84006e-07 1.53744e-07 
90.112 6.16623e-07 6.08081e-07 5.25992e-07 1.73209e-07 1.91059e-07 1.72345e-07 
98.304 7.6114e-07 7.22871e-07 5.77135e-07 1.50806e-07 1.50089e-07 1.79261e-07 
106.496 5.34649e-07 7.6821e-07 4.77703e-07 2.17576e-07 1.34729e-07 2.05158e-07 
114.688 4.65459e-07 8.00706e-07 2.86431e-07 1.37514e-07 1.73639e-07 1.79958e-07 
122.88 4.4004e-07 7.32992e-07 3.29464e-07 1.41752e-07 1.21216e-07 1.87571e-07 
131.072 6.1601e-07 6.43067e-07 2.78209e-07 1.39039e-07 1.05807e-07 1.47871e-07 
147.456 6.21266e-07 5.6139e-07 1.67599e-07 1.08148e-07 9.65915e-08 1.19699e-07 
163.84 4.26537e-07 3.97305e-07 9.99188e-08 8.11185e-08 1.35888e-07 1.21864e-07 
180.224 2.78547e-07 3.76758e-07 2.0925e-07 8.26346e-08 5.86065e-08 9.98168e-08 
196.608 2.52102e-07 3.59833e-07 2.81681e-07 4.02833e-08 8.37256e-08 1.514e-07 
212.992 2.58733e-07 2.90211e-07 2.82594e-07 8.2502e-08 6.63621e-08 6.60865e-08 
229.376 3.45717e-07 4.47768e-07 4.01896e-07 5.45077e-08 1.9057e-08 9.01447e-08 
245.76 2.47207e-07 2.97149e-07 2.82511e-07 5.50645e-08 7.20788e-08 1.18272e-07 
262.144 1.59013e-07 3.15387e-07 2.16485e-07 1.1105e-08 6.11964e-08 1.0005e-07 
294.912 4.25324e-08 1.89393e-07 2.26961e-07 -3.26148e-08 7.61439e-08 5.23776e-08 
327.68 3.68746e-09 -6.60936e-08 2.27102e-07 2.11726e-08 5.64557e-08 8.28952e-08 
360.448 1.78686e-07 9.97316e-08 1.52206e-07 2.80013e-08 4.28369e-08 5.17661e-08 
393.216 2.10284e-07 2.0222e-07 2.15382e-07 4.89493e-09 2.81174e-08 4.55445e-08 
425.984 1.91177e-07 1.00127e-07 -2.67973e-08 -5.20364e-09 3.15097e-08 1.66252e-08 
458.752 7.09681e-09 5.44211e-08 8.23037e-08 -3.26422e-08 7.35334e-10 2.81398e-08 
491.52 -9.73245e-09 1.16714e-08 1.12999e-07 -1.71108e-08 1.9996e-08 2.11799e-08 
524.288 8.6376e-08 8.73456e-08 1.9245e-07 -1.27726e-08 3.30444e-08 4.20973e-09 
589.824 1.49634e-07 1.80032e-07 1.2799e-07 -1.16301e-08 4.60831e-08 3.01727e-08 
655.36 2.81831e-07 2.86967e-07 2.34686e-08 2.17457e-08 2.66842e-08 3.46716e-08 
720.896 1.82257e-07 1.11859e-07 6.48924e-08 -8.6687e-09 3.13597e-08 3.70198e-08 
786.432 1.15173e-07 1.90797e-07 1.61223e-08 1.87427e-08 -1.08702e-08 -9.37422e-09 
851.968 1.08609e-07 1.16109e-07 9.61332e-08 1.09992e-08 -1.10906e-08 -2.3157e-08 
917.504 4.20631e-08 2.38176e-07 -8.91248e-09 3.01125e-08 -2.80623e-08 1.67224e-08 
983.04 -1.17829e-08 6.15985e-08 -4.66392e-08 8.30562e-09 -2.63452e-09 -6.52738e-09 
1048.58 -3.95163e-08 -7.62327e-08 -1.18067e-07 1.12332e-08 9.56882e-09 -1.20461e-08 
1179.65 -1.49306e-07 -2.06066e-08 -7.0211e-08 8.77577e-09 -2.16433e-08 -9.71518e-09 
1310.72 -6.14031e-08 -3.71799e-09 -2.63308e-09 6.02642e-09 -3.10276e-08 -1.29203e-08 
1441.79 -8.66156e-08 9.10937e-08 -1.06939e-08 1.48692e-08 -2.09041e-08 -8.67469e-09 
1572.86 3.89636e-08 1.53222e-07 -6.55152e-09 1.03151e-08 3.69397e-08 -1.75372e-08 
1703.94 2.07002e-09 2.75742e-08 -3.36422e-08 2.31204e-08 3.20945e-08 -1.51262e-08 
1835.01 -7.09762e-08 1.01335e-07 6.51556e-08 2.43245e-08 2.85648e-08 -1.48773e-08 
1966.08 7.01846e-08 5.25823e-08 2.46646e-08 1.53246e-08 1.28441e-08 -4.22314e-08 
2097.15 -3.62771e-08 1.25482e-07 2.02102e-08 -3.74762e-10 5.73017e-09 -2.5302e-08 
2359.3 -3.56043e-08 1.37564e-07 3.32238e-08 5.60186e-09 2.55462e-08 -2.72486e-08 
2621.44 -4.05303e-08 6.12657e-08 2.42582e-08 4.69314e-09 -1.19397e-08 -2.90923e-08 
2883.58 -7.58447e-09 8.4488e-09 -6.25034e-08 -2.7146e-09 -2.02543e-09 1.53975e-08 
3145.73 2.55507e-08 -1.23442e-08 -2.29171e-08 4.40497e-09 2.95229e-09 1.2279e-08 
3407.87 6.06374e-09 3.21567e-08 1.8286e-08 -1.55149e-08 1.04559e-08 1.11376e-08 
3670.02 9.64404e-08 5.79588e-08 4.10334e-08 -6.90711e-09 -9.86024e-09 2.47493e-08 
3932.16 -1.45193e-08 8.3346e-08 3.60686e-08 -9.42797e-09 1.42997e-08 1.64343e-08 
4194.3 -4.528e-08 4.40433e-08 5.43098e-08 1.98871e-08 9.57491e-09 4.71501e-09 
4718.59 -6.17562e-08 1.93784e-08 4.53345e-08 -6.63078e-10 3.33755e-08 9.07109e-09 
5242.88 -5.36233e-09 3.41044e-08 9.84498e-08 1.02961e-09 3.80235e-08 -1.31174e-08 
5767.17 1.40884e-08 -4.60028e-08 -4.32962e-08 -3.5079e-09 2.17469e-08 -1.13049e-08 
6291.46 3.03991e-08 -2.03263e-08 4.95221e-08 1.39219e-09 1.32763e-08 5.89847e-09 
6815.74 -2.51531e-08 -3.81692e-08 6.81221e-08 -1.99693e-08 -7.80597e-09 -5.22171e-09 
7340.03 4.26577e-08 -3.49455e-08 6.3407e-08 3.3845e-09 1.94418e-09 -1.50852e-08 
7864.32 2.28327e-08 -2.75356e-08 -4.20327e-09 -2.14176e-08 -1.57746e-08 -8.3947e-09 
8388.61 -2.65521e-08 -2.80666e-08 4.54729e-09 -1.31337e-08 1.96038e-08 -8.84044e-10 
9437.18 -1.03749e-07 -5.11047e-08 -2.99427e-08 -8.04124e-09 -8.13193e-09 -7.77223e-09 
10485.8 8.92734e-09 -7.30141e-08 1.31217e-08 -1.05311e-08 2.96083e-08 8.00248e-09 
11534.3 -8.11021e-09 2.57882e-08 6.46085e-08 1.93557e-09 1.12787e-08 7.72095e-10 
12582.9 -1.90778e-08 1.73545e-08 4.20915e-08 -4.30303e-09 -9.19381e-09 -1.34125e-09 
13631.5 8.03186e-08 4.91039e-08 3.95357e-08 1.13229e-08 -2.3453e-09 3.57984e-10 
14680.1 3.31079e-08 6.06481e-08 -1.47781e-08 1.71936e-08 -1.96357e-08 -8.41952e-09 
15728.6 -5.72409e-08 -2.4593e-08 -1.70751e-08 1.44625e-08 7.62991e-09 3.87379e-09 
16777.2 -2.58122e-08 -4.49327e-08 -5.07418e-08 2.13284e-08 -1.75481e-09 7.31153e-10 
18874.4 3.47671e-08 -2.26515e-08 -3.19325e-08 3.62294e-09 6.95022e-10 -5.58216e-09 
20971.5 -6.62705e-09 3.2775e-08 6.65401e-08 5.63438e-09 4.86491e-09 1.90324e-08 
23068.7 -7.03393e-09 2.32935e-08 -5.40558e-08 -2.06604e-10 -6.49853e-09 7.21534e-09 
25165.8 -5.00113e-08 4.93567e-08 -1.08466e-08 -4.32404e-09 -7.80762e-09 -4.56955e-09 
27263 1.28907e-08 8.99875e-09 -2.24594e-08 8.96345e-09 -1.88915e-08 -9.81638e-09 
29360.1 7.31013e-09 -7.80704e-08 -9.91479e-08 -4.50095e-09 1.19456e-08 6.03375e-10 
31457.3 -4.85782e-08 -9.21819e-08 -2.7839e-08 -2.63009e-09 -9.69449e-09 -5.82776e-09 
33554.4 2.25609e-08 -3.8797e-08 -5.39485e-08 2.48885e-10 -6.103e-09 1.49957e-09 
37748.7 -8.19574e-10 -1.31366e-08 -4.08685e-08 -4.8904e-10 8.94328e-10 -5.08386e-09 
41943 2.41789e-08 -5.4361e-08 -1.25496e-08 1.4607e-08 3.17614e-09 8.25057e-09 
46137.3 -2.36524e-08 -1.12121e-08 -3.65219e-09 -6.23414e-09 -1.21899e-09 -4.81969e-09 
50331.6 3.3273e-08 1.35217e-08 2.42589e-08 -1.20287e-08 -1.68636e-10 -1.35795e-09 
54526 4.22757e-08 -6.5371e-09 1.49556e-08 -4.3107e-10 -9.93742e-09 1.33922e-10 
58720.3 -4.0786e-08 7.90423e-09 2.23507e-08 1.13397e-08 3.2837e-09 1.58274e-09 
62914.6 1.85198e-08 7.76755e-09 2.97305e-08 -8.50135e-09 -4.54111e-09 1.27331e-09 
67108.9 -1.20862e-08 6.61754e-09 -3.17013e-09 -4.2958e-09 -2.48879e-09 -2.79052e-09 
75497.5 2.61165e-08 8.03351e-08 -3.86767e-08 -5.21668e-09 -8.30653e-09 -4.98422e-09 
83886.1 -2.33991e-08 9.63793e-09 -1.20349e-08 -1.04397e-08 7.81949e-09 -4.44161e-09 
92274.7 3.10056e-08 -1.96098e-08 -3.4039e-08 1.27535e-09 1.49252e-08 6.82679e-09 
100663 -6.74138e-08 -4.58199e-08 -2.65054e-09 1.64877e-09 3.92997e-08 -1.76288e-09 
109052 1.80598e-08 -8.06557e-08 9.75359e-08 -3.95198e-09 1.01597e-08 -5.18884e-11 
