# v_px_y v_px_z v_py_z c_thermo_press[4] c_thermo_press[5] c_thermo_press[6]
# total number of atoms: ${natoms}
# Timestep: 24000000
0 0.169245 0.160977 0.00849383 0.00236402 0.0024424 0.00441017 
0.005 0.168365 0.160094 0.00754815 0.00214941 0.00222238 0.00417522 
0.01 0.166216 0.157938 0.00523995 0.00162541 0.00168524 0.00360173 
0.015 0.163984 0.155697 0.00284355 0.00108075 0.00112724 0.00300614 
0.02 0.162853 0.154563 0.00163563 0.000804614 0.000845121 0.00270552 
0.025 0.16334 0.155051 0.00216932 0.000922309 0.000967519 0.00283723 
0.03 0.165013 0.156731 0.00398052 0.00132888 0.00138671 0.00328602 
0.035 0.166765 0.15849 0.00587564 0.00175441 0.00182556 0.00375558 
0.04 0.167454 0.159182 0.00662455 0.00192086 0.00199843 0.00394056 
0.045 0.166556 0.158281 0.00566374 0.00170094 0.00177442 0.00370115 
0.05 0.164457 0.156175 0.00341037 0.00118893 0.00125018 0.00314093 
0.055 0.162221 0.153931 0.0010108 0.000643692 0.000691555 0.00254442 
0.06 0.160974 0.15268 -0.000320549 0.000339322 0.000380262 0.00221298 
0.065 0.161277 0.152982 1.75851e-05 0.000411585 0.000455965 0.00229582 
0.07 0.162823 0.154533 0.00169441 0.000786151 0.000842391 0.00271091 
0.075 0.16463 0.156346 0.00364991 0.0012244 0.00129425 0.00319532 
0.08 0.16523 0.156948 0.00429844 0.00136935 0.00144439 0.00335573 
0.09 0.163288 0.155 0.00220524 0.000896255 0.000959612 0.00283566 
0.1 0.160421 0.152121 -0.000875452 0.00019848 0.000243341 0.0020702 
0.11 0.161851 0.153552 0.000685445 0.000544002 0.000600119 0.00245596 
0.12 0.164537 0.156248 0.00358801 0.00119591 0.00127167 0.00317562 
0.13 0.163128 0.154837 0.00205594 0.00085423 0.000920269 0.00279605 
0.14 0.160343 0.152041 -0.0009485 0.000177989 0.000224321 0.00205059 
0.15 0.161582 0.153281 0.000405265 0.000477756 0.000532962 0.00238571 
0.16 0.16335 0.155058 0.00231306 0.000907439 0.000975234 0.00285958 
0.18 0.161308 0.153011 9.59784e-05 0.000412592 0.00046516 0.00231132 
0.2 0.163196 0.154905 0.00214973 0.000870018 0.000935993 0.00282056 
0.22 0.161363 0.153068 0.000158022 0.000426373 0.000478434 0.00232794 
0.24 0.163118 0.154827 0.00207236 0.00085128 0.000916312 0.00280204 
0.26 0.161414 0.15312 0.000222124 0.000438988 0.000491696 0.00234377 
0.28 0.163114 0.154823 0.00207249 0.000850969 0.000916013 0.00280149 
0.3 0.161456 0.153163 0.000272303 0.000450004 0.000503091 0.0023556 
0.32 0.162184 0.153892 0.00106454 0.00062669 0.000684701 0.00255178 
0.36 0.162114 0.153823 0.000988974 0.000610141 0.000666842 0.00253324 
0.4 0.162112 0.153823 0.000987563 0.000610052 0.000666081 0.00253289 
0.44 0.162109 0.153822 0.000983107 0.000608935 0.000665129 0.00253042 
0.48 0.162077 0.153789 0.000947136 0.000600196 0.000656732 0.00252008 
0.52 0.162089 0.153799 0.00095902 0.00060244 0.000659008 0.00252308 
0.56 0.162109 0.153819 0.000983353 0.000607399 0.000664669 0.00253007 
0.6 0.162084 0.153793 0.000958101 0.000601306 0.000659178 0.00252377 
0.64 0.162074 0.153782 0.000946589 0.00059868 0.000656661 0.00251975 
0.72 0.16207 0.15378 0.000946281 0.000598103 0.000655394 0.0025181 
0.8 0.162058 0.153767 0.000933977 0.000595665 0.000653275 0.00251616 
0.88 0.162053 0.153763 0.000927331 0.000594342 0.00065233 0.0025158 
0.96 0.162052 0.153761 0.00092195 0.00059317 0.000649237 0.00251387 
1.04 0.162046 0.153752 0.000918688 0.00059163 0.000647512 0.00251307 
1.12 0.162041 0.153754 0.000918422 0.000590421 0.000646346 0.00251252 
1.2 0.162038 0.153751 0.000911009 0.000589781 0.000646207 0.00251149 
1.28 0.162037 0.153743 0.000909894 0.000589075 0.000645818 0.00251049 
1.44 0.162028 0.153734 0.000904397 0.000588067 0.000644378 0.00250897 
1.6 0.162023 0.153732 0.000901709 0.000586352 0.000643711 0.00250668 
1.76 0.16202 0.153733 0.000898626 0.000586002 0.000644513 0.00250661 
1.92 0.16202 0.153725 0.000887912 0.00058532 0.000642642 0.00250563 
2.08 0.162012 0.153722 0.000886206 0.000584116 0.000641714 0.00250499 
2.24 0.162014 0.153719 0.000886411 0.000582065 0.00064033 0.00250273 
2.4 0.162004 0.153715 0.000883063 0.000582005 0.000638332 0.00250128 
2.56 0.162001 0.15371 0.00087906 0.00058155 0.000637416 0.0025011 
2.88 0.161995 0.153709 0.000871871 0.000579841 0.000634802 0.00249959 
3.2 0.161986 0.153697 0.000861235 0.000577422 0.00063299 0.00249781 
3.52 0.161986 0.153692 0.000857232 0.000577235 0.000632758 0.00249665 
3.84 0.161979 0.153686 0.000851833 0.000576092 0.000631124 0.00249601 
4.16 0.161974 0.153685 0.000850056 0.00057411 0.00063005 0.00249376 
4.48 0.161974 0.153686 0.000848808 0.000573473 0.000629451 0.00249366 
4.8 0.161973 0.153681 0.00084486 0.00057208 0.000629313 0.00249147 
5.12 0.161967 0.153674 0.000840884 0.000571082 0.000627402 0.00249158 
5.76 0.16196 0.153668 0.000833317 0.000568668 0.000626962 0.00248984 
6.4 0.161953 0.153659 0.000827342 0.000568464 0.00062562 0.00248856 
7.04 0.16195 0.153656 0.000824956 0.000567343 0.000623358 0.00248715 
7.68 0.161942 0.153653 0.000817398 0.000566179 0.000623391 0.00248755 
8.32 0.16194 0.153649 0.000817155 0.000565221 0.000622941 0.00248599 
8.96 0.161937 0.153645 0.00081126 0.000564087 0.00062086 0.0024838 
9.6 0.161935 0.153639 0.000807337 0.000563315 0.000621254 0.00248462 
10.24 0.16193 0.153638 0.000803381 0.000562933 0.000620213 0.00248314 
11.52 0.161924 0.153633 0.000800462 0.000562065 0.000618613 0.00248174 
12.8 0.161922 0.15363 0.000798988 0.000561541 0.000617483 0.00248065 
14.08 0.161918 0.153627 0.000794932 0.000560938 0.000616067 0.00247982 
15.36 0.161913 0.15362 0.00078967 0.000559118 0.000616563 0.00247864 
16.64 0.161911 0.153618 0.00078491 0.000558314 0.000615343 0.00247883 
17.92 0.161908 0.153616 0.00078455 0.000557644 0.000614806 0.00247847 
19.2 0.161906 0.153608 0.000779698 0.000557157 0.000614617 0.00247689 
20.48 0.161905 0.153609 0.00077813 0.000557017 0.000613874 0.00247632 
23.04 0.161898 0.153603 0.00077412 0.000555716 0.000612874 0.00247516 
25.6 0.161894 0.153595 0.000770716 0.000554901 0.000611548 0.00247448 
28.16 0.16189 0.153592 0.000768079 0.000553615 0.000610935 0.00247276 
30.72 0.161882 0.153587 0.000762954 0.000552394 0.000609696 0.00247205 
33.28 0.16188 0.153583 0.000760154 0.000551536 0.00060896 0.00247136 
35.84 0.161876 0.153579 0.000758778 0.000551698 0.000608735 0.00247075 
38.4 0.161875 0.153578 0.000756177 0.00055086 0.000608731 0.00247043 
40.96 0.161872 0.153575 0.000752849 0.000549802 0.000607667 0.00247006 
46.08 0.161865 0.153568 0.000746586 0.000549212 0.00060691 0.00246868 
51.2 0.161859 0.15356 0.000741118 0.000547944 0.000605485 0.00246714 
56.32 0.161856 0.153553 0.000738083 0.000546536 0.000604273 0.00246637 
61.44 0.161854 0.15355 0.000735001 0.000546342 0.000603596 0.00246549 
66.56 0.161852 0.153545 0.000730979 0.000545336 0.000602119 0.00246445 
71.68 0.161848 0.15354 0.000727489 0.000544715 0.000601273 0.00246327 
76.8 0.161841 0.153535 0.000722929 0.000544268 0.000601039 0.00246264 
81.92 0.161839 0.15353 0.00071828 0.000543698 0.000600544 0.00246261 
92.16 0.161833 0.153524 0.000716401 0.000542151 0.000599415 0.0024616 
102.4 0.161829 0.153517 0.00071171 0.00054153 0.000598829 0.00246044 
112.64 0.161824 0.153506 0.000706748 0.000540609 0.000597755 0.00245899 
122.88 0.161817 0.153496 0.000701804 0.000538979 0.000596639 0.00245883 
133.12 0.161813 0.153489 0.000699199 0.000538596 0.000596237 0.00245785 
143.36 0.161805 0.153478 0.000696715 0.000537886 0.000595127 0.00245777 
153.6 0.1618 0.153471 0.0006932 0.000536981 0.000593469 0.00245734 
163.84 0.161795 0.153461 0.000690014 0.000536426 0.000593132 0.00245636 
184.32 0.161784 0.153442 0.000682712 0.000535068 0.000591885 0.00245529 
204.8 0.16177 0.153426 0.000676716 0.000533407 0.000590347 0.00245455 
225.28 0.161762 0.153415 0.000668973 0.000532211 0.00058892 0.0024532 
245.76 0.161753 0.153401 0.000663173 0.000531801 0.000587671 0.00245246 
266.24 0.161747 0.153394 0.0006612 0.000531155 0.000586858 0.00245188 
286.72 0.161744 0.153382 0.00066008 0.000530433 0.000585013 0.0024512 
307.2 0.161736 0.153371 0.000657663 0.00052964 0.000584469 0.00245027 
327.68 0.161734 0.153357 0.000653049 0.000528819 0.000584007 0.00244862 
368.64 0.16172 0.153332 0.000647045 0.000527134 0.000582348 0.00244714 
409.6 0.161705 0.153307 0.000642026 0.000524866 0.000582069 0.00244602 
450.56 0.161689 0.153285 0.000635075 0.000523872 0.000580161 0.00244373 
491.52 0.16168 0.15326 0.00062614 0.000523307 0.000578718 0.00244238 
532.48 0.16167 0.153235 0.000620279 0.000521326 0.00057771 0.0024417 
573.44 0.161658 0.153212 0.000616157 0.000519445 0.000576136 0.00244185 
614.4 0.16165 0.153189 0.000605307 0.000517508 0.000574472 0.00244065 
655.36 0.161642 0.153155 0.000596894 0.000515697 0.000572752 0.0024405 
737.28 0.161622 0.153119 0.000589209 0.000513307 0.000570764 0.00243837 
819.2 0.161592 0.153084 0.000581159 0.000510421 0.000570245 0.00243599 
901.12 0.161564 0.153044 0.000567691 0.000507421 0.000567999 0.00243414 
983.04 0.161533 0.153005 0.000559312 0.000504534 0.000566524 0.00243302 
1064.96 0.1615 0.152967 0.000554582 0.000501899 0.000565629 0.00243143 
1146.88 0.161472 0.152925 0.00055031 0.000499532 0.000566331 0.00242985 
1228.8 0.16144 0.15288 0.000543763 0.000497495 0.000567248 0.00242871 
1310.72 0.161406 0.152833 0.000537358 0.000495891 0.000567117 0.00242704 
1474.56 0.161342 0.152748 0.000524372 0.000493914 0.000564725 0.00242401 
1638.4 0.161289 0.152657 0.000514948 0.000490896 0.000562766 0.00242067 
1802.24 0.161239 0.152557 0.000501848 0.0004889 0.00056067 0.0024174 
1966.08 0.161201 0.152469 0.000497391 0.000485147 0.000557812 0.00241554 
2129.92 0.161174 0.152394 0.000488458 0.00048204 0.000555739 0.00241271 
2293.76 0.161136 0.152313 0.000477543 0.000478141 0.00055501 0.0024091 
2457.6 0.161107 0.152216 0.000472215 0.000473248 0.000555407 0.00240568 
2621.44 0.161082 0.152141 0.000465021 0.000468525 0.000551979 0.00240123 
2949.12 0.161046 0.152005 0.000455455 0.000458683 0.000545097 0.00239391 
3276.8 0.161014 0.151896 0.000449824 0.000450864 0.000538852 0.00238577 
3604.48 0.160936 0.151754 0.000442997 0.000442135 0.000532285 0.00237971 
3932.16 0.160848 0.151592 0.000426935 0.000436681 0.000527036 0.00237322 
4259.84 0.160754 0.151411 0.000410638 0.000429408 0.000521809 0.00236632 
4587.52 0.16066 0.15126 0.000389265 0.000420116 0.000517241 0.00236268 
4915.2 0.16055 0.151114 0.00037828 0.000413917 0.000515764 0.00235769 
5242.88 0.160451 0.150957 0.000361302 0.000407516 0.000511453 0.00235068 
5898.24 0.160237 0.150604 0.000324876 0.000394689 0.000501006 0.00234345 
6553.6 0.160014 0.150273 0.000288632 0.000385494 0.00049381 0.00234201 
7208.96 0.159851 0.149974 0.000260438 0.000377056 0.000488768 0.00233696 
7864.32 0.159679 0.149695 0.000243843 0.00036948 0.000479852 0.00233157 
8519.68 0.159556 0.149469 0.0002362 0.000359326 0.000474908 0.00232881 
9175.04 0.159432 0.149261 0.00023595 0.00034622 0.000472122 0.00232069 
9830.4 0.159243 0.149096 0.000240442 0.000338854 0.000466997 0.00231346 
10485.8 0.159188 0.148815 0.000216502 0.000330977 0.000465934 0.00230626 
11796.5 0.15889 0.148579 0.000187499 0.000303259 0.00045579 0.00229973 
13107.2 0.158813 0.148505 0.000182709 0.000274666 0.00044211 0.00230875 
14417.9 0.158567 0.14841 0.000190229 0.000260209 0.000431949 0.00232338 
15728.6 0.158335 0.148391 0.000195965 0.00024596 0.000420556 0.00232981 
17039.4 0.158071 0.148398 0.000209368 0.000241314 0.000409203 0.00231992 
18350.1 0.157799 0.148132 0.000186125 0.000239882 0.000398234 0.00229435 
19660.8 0.157591 0.14767 0.000141292 0.000231133 0.000384807 0.00227257 
20971.5 0.157612 0.147407 8.66136e-05 0.000232336 0.00037762 0.0022472 
23593 0.157928 0.147524 2.56072e-05 0.000243054 0.000348176 0.00217655 
26214.4 0.158452 0.147957 -3.21919e-05 0.000245064 0.000329134 0.00207597 
28835.8 0.159289 0.148889 -6.01447e-05 0.000257671 0.000294731 0.00204682 
31457.3 0.160158 0.150011 -1.61106e-05 0.000274961 0.000258355 0.00206606 
34078.7 0.160743 0.15123 8.0675e-05 0.000258569 0.000216034 0.00207404 
36700.2 0.16111 0.152054 7.96551e-05 0.000225356 0.000167911 0.00205296 
39321.6 0.16172 0.152555 1.78229e-05 0.000203767 0.000126326 0.0019991 
41943 0.162545 0.152948 1.20012e-05 0.00015625 0.000103711 0.00189624 
47185.9 0.162118 0.152633 6.07835e-05 5.94431e-05 4.10711e-05 0.00197483 
52428.8 0.162136 0.152619 0.000110549 5.74863e-05 -4.20262e-05 0.00219042 
57671.7 0.161899 0.15198 0.000133852 7.7606e-05 -0.00013685 0.00231145 
62914.6 0.161608 0.151081 0.000133434 0.000159814 -0.000233326 0.00239272 
68157.4 0.161222 0.150306 0.000268756 0.000163043 -0.000296118 0.00264294 
73400.3 0.159357 0.148664 0.000422118 0.000160005 -0.000289211 0.00284242 
78643.2 0.160558 0.149001 0.00031514 4.73351e-05 -0.000311112 0.00275184 
83886.1 0.163239 0.151857 0.000257374 7.74269e-05 -0.000339355 0.00273493 
94371.8 0.176082 0.168986 -0.000159233 0.000346073 -0.000181423 0.00256223 
104858 0.18144 0.185511 -0.000114745 0.000725052 4.00345e-05 0.00236649 
