# v_px_y v_px_z v_py_z c_thermo_press[4] c_thermo_press[5] c_thermo_press[6]
# total number of atoms: ${natoms}
# Timestep: 24000000
0 0.00119476 0.00119474 0.00119315 0.000297567 0.000298088 0.000295888 
0.005 0.000977291 0.000977017 0.00097602 0.000243442 0.000243834 0.000242196 
0.01 0.000445546 0.000444655 0.000445098 0.000111104 0.000111175 0.00011091 
0.015 -0.000107938 -0.000109483 -0.000107567 -2.66391e-05 -2.69086e-05 -2.57552e-05 
0.02 -0.000384916 -0.0003868 -0.000384207 -9.55673e-05 -9.60164e-05 -9.41845e-05 
0.025 -0.00024651 -0.000248239 -0.000246137 -6.11328e-05 -6.15064e-05 -6.01071e-05 
0.03 0.000214152 0.000212979 0.000213715 5.3475e-05 5.3386e-05 5.3491e-05 
0.035 0.000727581 0.000727044 0.000726329 0.000181189 0.000181433 0.000180112 
0.04 0.000998821 0.000998628 0.000997226 0.000248621 0.000249062 0.000246984 
0.045 0.00087077 0.000870423 0.000869511 0.000216701 0.000217093 0.000215357 
0.05 0.000409382 0.000408459 0.000408958 0.000101869 0.00010199 0.000101507 
0.055 -0.000137015 -0.000138612 -0.000136572 -3.40719e-05 -3.42964e-05 -3.33104e-05 
0.06 -0.000479023 -0.000481011 -0.000478165 -0.000119128 -0.000119586 -0.000117727 
0.065 -0.00044536 -0.000447244 -0.00044477 -0.000110722 -0.000111172 -0.000109516 
0.07 -7.18022e-05 -7.31686e-05 -7.20205e-05 -1.77969e-05 -1.79993e-05 -1.75008e-05 
0.075 0.000423896 0.000423139 0.000422771 0.000105462 0.000105609 0.000104646 
0.08 0.000676686 0.000676149 0.00067523 0.000168266 0.000168615 0.000166963 
0.09 0.00037152 0.000370455 0.00037092 9.22884e-05 9.24687e-05 9.18341e-05 
0.1 -0.000385704 -0.000387483 -0.000384942 -9.59227e-05 -9.62917e-05 -9.47471e-05 
0.11 -0.000187612 -0.000188842 -0.000187644 -4.65576e-05 -4.68223e-05 -4.60749e-05 
0.12 0.000546552 0.000546043 0.000544959 0.000135878 0.000136176 0.00013471 
0.13 0.000412735 0.000411837 0.00041183 0.000102498 0.000102749 0.000101894 
0.14 -0.000313308 -0.000314745 -0.000312422 -7.78421e-05 -7.81665e-05 -7.6757e-05 
0.15 -0.000246829 -0.000247808 -0.000246419 -6.11474e-05 -6.14936e-05 -6.04758e-05 
0.16 0.000262099 0.000261548 0.000261426 6.52288e-05 6.52682e-05 6.46281e-05 
0.18 -0.000124713 -0.000125618 -0.000124245 -3.09798e-05 -3.11408e-05 -3.03563e-05 
0.2 0.000161877 0.0001615 0.000161699 4.03411e-05 4.02737e-05 3.98811e-05 
0.22 -0.000123064 -0.00012384 -0.000122279 -3.05229e-05 -3.0713e-05 -2.99544e-05 
0.24 9.90964e-05 9.87141e-05 9.91944e-05 2.47978e-05 2.46332e-05 2.44384e-05 
0.26 -0.000102226 -0.000103215 -0.000101688 -2.5373e-05 -2.55774e-05 -2.4886e-05 
0.28 9.77053e-05 9.70665e-05 9.76686e-05 2.44949e-05 2.43327e-05 2.42725e-05 
0.3 -3.25896e-05 -3.38001e-05 -3.26062e-05 -8.14411e-06 -8.24933e-06 -7.66411e-06 
0.32 4.24309e-05 4.13057e-05 4.20852e-05 1.05951e-05 1.04775e-05 1.0788e-05 
0.36 2.89776e-05 2.77316e-05 2.84662e-05 7.23543e-06 7.04507e-06 7.41816e-06 
0.4 1.8398e-05 1.69917e-05 1.78733e-05 4.64778e-06 4.41789e-06 4.80119e-06 
0.44 4.10975e-05 3.97859e-05 4.05272e-05 1.0341e-05 1.01453e-05 1.04754e-05 
0.48 4.01776e-05 3.93574e-05 3.98071e-05 1.01002e-05 9.95572e-06 1.02099e-05 
0.52 1.99507e-05 1.9479e-05 2.00199e-05 5.07677e-06 4.95579e-06 5.1995e-06 
0.56 1.27702e-05 1.23766e-05 1.30105e-05 3.30514e-06 3.16487e-06 3.41809e-06 
0.6 1.88064e-05 1.8464e-05 1.885e-05 4.76709e-06 4.6289e-06 4.8584e-06 
0.64 1.85758e-05 1.84571e-05 1.88417e-05 4.70736e-06 4.59282e-06 4.81939e-06 
0.72 1.38704e-05 1.39313e-05 1.43864e-05 3.6176e-06 3.46055e-06 3.77652e-06 
0.8 1.99096e-05 1.98814e-05 2.0336e-05 4.96454e-06 4.91789e-06 5.14898e-06 
0.88 1.70783e-05 1.68542e-05 1.72342e-05 4.20786e-06 4.22921e-06 4.43722e-06 
0.96 1.65106e-05 1.57528e-05 1.6493e-05 4.14744e-06 3.96631e-06 4.25684e-06 
1.04 1.46902e-05 1.31028e-05 1.44593e-05 3.70798e-06 3.4603e-06 3.81957e-06 
1.12 1.54924e-05 1.38677e-05 1.50923e-05 3.925e-06 3.66506e-06 3.89897e-06 
1.2 1.49436e-05 1.40674e-05 1.46439e-05 3.86138e-06 3.49957e-06 3.87526e-06 
1.28 1.4221e-05 1.36963e-05 1.44553e-05 3.72725e-06 3.40398e-06 3.7119e-06 
1.44 1.34154e-05 1.28499e-05 1.3231e-05 3.47684e-06 3.35009e-06 3.49635e-06 
1.6 1.32057e-05 1.20125e-05 1.26242e-05 3.3179e-06 3.29158e-06 3.18121e-06 
1.76 1.23151e-05 1.13858e-05 1.18416e-05 3.17576e-06 2.98801e-06 3.06569e-06 
1.92 1.17185e-05 1.13576e-05 1.12303e-05 3.04687e-06 2.85117e-06 2.95533e-06 
2.08 1.16064e-05 1.0396e-05 1.13038e-05 2.65576e-06 2.74621e-06 2.85222e-06 
2.24 1.05944e-05 9.75754e-06 1.0409e-05 2.50297e-06 2.61982e-06 2.88005e-06 
2.4 1.03774e-05 9.78966e-06 1.05361e-05 2.51717e-06 2.46568e-06 2.74215e-06 
2.56 1.03914e-05 9.65973e-06 1.05824e-05 2.5233e-06 2.4458e-06 2.52833e-06 
2.88 9.47081e-06 8.75601e-06 9.92613e-06 2.52997e-06 2.31143e-06 2.4313e-06 
3.2 8.8523e-06 8.40096e-06 9.42708e-06 2.24092e-06 2.11829e-06 2.30683e-06 
3.52 8.86364e-06 7.92986e-06 8.82141e-06 2.23565e-06 2.1059e-06 2.18431e-06 
3.84 7.71023e-06 7.61168e-06 8.12364e-06 2.14705e-06 1.94964e-06 2.06442e-06 
4.16 7.62617e-06 6.9714e-06 7.57274e-06 2.07032e-06 1.82139e-06 1.99563e-06 
4.48 7.36276e-06 7.20874e-06 7.74977e-06 2.00318e-06 1.74382e-06 1.95493e-06 
4.8 7.12662e-06 7.39364e-06 7.73254e-06 1.98185e-06 1.65693e-06 1.87758e-06 
5.12 6.66407e-06 6.95486e-06 7.33831e-06 1.88917e-06 1.67705e-06 1.79846e-06 
5.76 5.96677e-06 6.18738e-06 6.46843e-06 1.84444e-06 1.58499e-06 1.76666e-06 
6.4 6.09556e-06 5.94259e-06 6.50753e-06 1.69592e-06 1.45073e-06 1.66271e-06 
7.04 5.83469e-06 5.55739e-06 6.27568e-06 1.55854e-06 1.46051e-06 1.60093e-06 
7.68 6.20343e-06 5.54961e-06 5.94907e-06 1.52835e-06 1.36989e-06 1.56329e-06 
8.32 5.28469e-06 5.35916e-06 5.56831e-06 1.47619e-06 1.34804e-06 1.55576e-06 
8.96 5.35942e-06 5.03768e-06 5.02605e-06 1.52388e-06 1.25648e-06 1.42135e-06 
9.6 4.96036e-06 4.4911e-06 4.71335e-06 1.47309e-06 1.16964e-06 1.33002e-06 
10.24 4.81707e-06 4.24602e-06 4.55977e-06 1.34749e-06 1.12344e-06 1.34915e-06 
11.52 4.60225e-06 4.38297e-06 4.76911e-06 1.27877e-06 1.08855e-06 1.26046e-06 
12.8 4.37775e-06 4.32133e-06 4.37875e-06 1.22256e-06 9.83844e-07 1.25478e-06 
14.08 4.29741e-06 3.86145e-06 4.46523e-06 1.26604e-06 9.78168e-07 1.21825e-06 
15.36 3.87478e-06 3.65754e-06 3.87686e-06 1.15912e-06 8.85005e-07 1.09868e-06 
16.64 4.04084e-06 3.37653e-06 3.9885e-06 1.16194e-06 9.63849e-07 1.07534e-06 
17.92 4.09012e-06 3.25441e-06 3.5845e-06 1.04351e-06 8.78285e-07 1.11386e-06 
19.2 4.23216e-06 3.54347e-06 3.65579e-06 1.08177e-06 8.46391e-07 1.08824e-06 
20.48 3.71715e-06 3.23844e-06 3.45916e-06 1.05272e-06 8.35821e-07 1.04637e-06 
23.04 3.28299e-06 3.10345e-06 3.20418e-06 1.00895e-06 8.43825e-07 9.19911e-07 
25.6 3.24246e-06 2.99409e-06 3.29696e-06 9.84624e-07 7.89982e-07 8.66831e-07 
28.16 2.90305e-06 3.05743e-06 3.05218e-06 1.0046e-06 7.48914e-07 8.53774e-07 
30.72 2.55654e-06 2.79143e-06 2.75303e-06 8.80682e-07 7.08198e-07 8.75536e-07 
33.28 2.70389e-06 2.77151e-06 2.59507e-06 8.87843e-07 7.60526e-07 8.33537e-07 
35.84 2.74307e-06 2.68153e-06 2.59986e-06 8.84367e-07 6.25211e-07 8.29513e-07 
38.4 2.24932e-06 2.3353e-06 2.43331e-06 8.56144e-07 5.9554e-07 7.90854e-07 
40.96 2.30568e-06 2.42563e-06 2.28966e-06 8.06265e-07 6.07382e-07 7.67854e-07 
46.08 2.08205e-06 2.05977e-06 2.11343e-06 7.40305e-07 5.22564e-07 7.03307e-07 
51.2 2.07236e-06 2.2458e-06 2.14302e-06 7.8894e-07 4.83357e-07 7.06273e-07 
56.32 1.926e-06 2.00303e-06 2.12495e-06 6.72284e-07 4.64092e-07 6.68701e-07 
61.44 1.78292e-06 1.79607e-06 2.06454e-06 6.72106e-07 4.51543e-07 6.50326e-07 
66.56 1.61276e-06 1.5552e-06 2.11881e-06 6.41575e-07 4.44792e-07 6.18763e-07 
71.68 1.82171e-06 1.57859e-06 2.05865e-06 6.68838e-07 4.48604e-07 6.13799e-07 
76.8 1.70152e-06 1.73268e-06 1.87891e-06 6.49362e-07 4.55799e-07 5.03313e-07 
81.92 1.76566e-06 1.92475e-06 1.75674e-06 6.13694e-07 4.09801e-07 5.87469e-07 
92.16 1.65476e-06 1.87885e-06 1.56447e-06 6.4123e-07 3.99835e-07 5.58733e-07 
102.4 1.60862e-06 1.80954e-06 1.78991e-06 5.80382e-07 4.20806e-07 5.23777e-07 
112.64 1.43703e-06 1.72498e-06 1.63554e-06 5.75383e-07 4.90563e-07 5.56685e-07 
122.88 1.59908e-06 1.55545e-06 1.52215e-06 6.20022e-07 4.0183e-07 5.16938e-07 
133.12 1.69304e-06 1.54334e-06 1.61968e-06 5.39288e-07 3.85769e-07 5.24096e-07 
143.36 1.70027e-06 1.5114e-06 1.58465e-06 5.44818e-07 3.42268e-07 4.93587e-07 
153.6 1.32517e-06 1.17162e-06 1.37016e-06 5.36226e-07 3.46557e-07 4.82606e-07 
163.84 1.27377e-06 1.31797e-06 1.35962e-06 5.17498e-07 3.02159e-07 4.60108e-07 
184.32 1.31816e-06 1.30619e-06 1.34965e-06 4.98805e-07 2.69296e-07 4.05035e-07 
204.8 1.30974e-06 1.43744e-06 1.24522e-06 5.28894e-07 2.71546e-07 4.14784e-07 
225.28 1.14837e-06 1.43536e-06 1.17202e-06 4.86341e-07 2.56031e-07 3.60467e-07 
245.76 1.04252e-06 1.26724e-06 1.27266e-06 4.44541e-07 2.26323e-07 3.56796e-07 
266.24 1.11212e-06 1.07328e-06 1.06914e-06 4.02096e-07 2.61965e-07 3.22371e-07 
286.72 8.82791e-07 9.36035e-07 8.8647e-07 4.11077e-07 2.56646e-07 2.96498e-07 
307.2 9.30006e-07 7.13186e-07 9.67515e-07 4.27034e-07 2.67224e-07 3.11868e-07 
327.68 9.29414e-07 7.32186e-07 9.45682e-07 4.21003e-07 2.50899e-07 3.04353e-07 
368.64 7.46314e-07 6.18616e-07 8.55069e-07 4.02322e-07 2.71079e-07 2.54986e-07 
409.6 7.09258e-07 6.14007e-07 8.33128e-07 4.20082e-07 2.14592e-07 2.33824e-07 
450.56 8.0645e-07 6.06463e-07 7.86959e-07 4.38007e-07 2.1993e-07 2.24411e-07 
491.52 9.63134e-07 5.76681e-07 6.45731e-07 3.79067e-07 1.8644e-07 2.77765e-07 
532.48 5.38928e-07 5.50776e-07 5.3912e-07 3.87937e-07 1.73626e-07 2.23822e-07 
573.44 3.5521e-07 3.19677e-07 5.93633e-07 3.44968e-07 1.8043e-07 2.52162e-07 
614.4 6.07098e-07 9.94294e-08 6.37225e-07 4.10722e-07 1.57432e-07 2.55707e-07 
655.36 7.06064e-07 2.88194e-07 6.16612e-07 3.97868e-07 1.4922e-07 2.06911e-07 
737.28 7.14847e-07 3.64987e-07 4.63037e-07 3.81523e-07 1.49456e-07 2.08139e-07 
819.2 5.0415e-07 2.61183e-07 5.44526e-07 3.07716e-07 1.3211e-07 2.06305e-07 
901.12 4.49334e-07 1.36272e-07 4.72695e-07 3.0208e-07 1.26344e-07 1.87223e-07 
983.04 3.0219e-07 1.4706e-07 1.68108e-07 3.19688e-07 1.11184e-07 1.41028e-07 
1064.96 3.56463e-07 2.08731e-07 9.94225e-08 3.39559e-07 1.27198e-07 1.23977e-07 
1146.88 4.54942e-07 4.2443e-07 2.11296e-07 3.5239e-07 1.30406e-07 1.38791e-07 
1228.8 4.50931e-07 3.91834e-07 3.11528e-07 3.35105e-07 1.43456e-07 1.28607e-07 
1310.72 5.01078e-07 4.24622e-07 3.10497e-07 2.86768e-07 1.28992e-07 1.03083e-07 
1474.56 4.37191e-07 4.25834e-07 2.29617e-07 3.21593e-07 1.38574e-07 1.11119e-07 
1638.4 4.89505e-07 3.3363e-07 4.19044e-07 3.01762e-07 1.32413e-07 1.36364e-07 
1802.24 4.35586e-07 1.81421e-07 3.60517e-07 2.93206e-07 1.40523e-07 1.22088e-07 
1966.08 4.45281e-07 2.22635e-07 4.60344e-07 2.47765e-07 1.54376e-07 1.52096e-07 
2129.92 3.2807e-07 3.14972e-07 3.57902e-07 2.50242e-07 1.2741e-07 1.59876e-07 
2293.76 3.5205e-07 1.93845e-07 2.87518e-07 2.7952e-07 7.30009e-08 1.91906e-07 
2457.6 3.81652e-07 -4.79299e-08 1.41718e-07 2.99258e-07 1.1134e-07 2.0208e-07 
2621.44 1.76026e-07 3.46762e-08 -9.72176e-08 2.83067e-07 7.29137e-08 1.92623e-07 
2949.12 1.94223e-07 7.82676e-08 -2.35532e-07 2.6079e-07 7.49018e-08 1.70195e-07 
3276.8 2.11004e-07 1.09276e-07 -1.60487e-07 2.32826e-07 6.11221e-08 8.90727e-08 
3604.48 -7.24153e-08 1.015e-07 -1.95308e-08 2.26092e-07 5.95877e-08 8.26651e-08 
3932.16 -4.94551e-08 7.49751e-08 1.90626e-07 1.62346e-07 5.03545e-08 8.61289e-08 
4259.84 -1.42191e-07 -3.92195e-08 -1.11003e-07 1.16142e-07 5.95956e-08 5.73693e-08 
4587.52 -8.434e-08 5.18856e-08 -2.78228e-07 1.01954e-07 5.31548e-08 1.02595e-07 
4915.2 -1.49099e-07 -7.06251e-08 -2.58502e-07 8.59204e-08 -5.0733e-10 8.63454e-08 
5242.88 -7.39425e-08 9.23265e-08 -2.1736e-07 5.87553e-08 -1.98352e-08 1.03821e-07 
5898.24 1.12168e-07 4.03257e-07 1.34066e-07 5.67236e-08 1.32044e-08 6.47651e-08 
6553.6 -7.90436e-08 1.44641e-07 -2.50847e-07 1.14243e-08 3.31273e-08 2.12853e-08 
7208.96 1.77938e-08 2.62417e-07 -4.512e-08 1.9259e-08 3.00234e-08 1.45047e-08 
7864.32 1.28313e-07 3.16274e-07 1.66204e-07 -3.7954e-09 3.1367e-08 5.85553e-10 
8519.68 1.40097e-07 2.67018e-07 -4.48692e-08 -2.56001e-08 6.54407e-08 -2.00195e-08 
9175.04 1.5675e-07 2.20046e-07 -5.0634e-08 -4.67262e-08 5.10613e-08 -4.18427e-08 
9830.4 2.37854e-07 7.21616e-08 2.91443e-07 -7.67574e-08 3.77272e-08 -7.82925e-08 
10485.8 1.86149e-07 -6.14361e-08 -1.29659e-08 -9.32907e-08 4.1715e-08 -9.24818e-08 
11796.5 1.52253e-07 -1.14776e-07 -6.04112e-08 -1.16281e-07 1.10845e-07 -6.91341e-08 
13107.2 2.60846e-07 -1.89667e-08 -1.2224e-07 -9.60076e-08 9.81283e-08 -1.29659e-07 
14417.9 3.47485e-08 -7.0603e-08 -1.34699e-07 -1.59959e-07 4.29222e-08 -1.56069e-07 
15728.6 -6.09889e-08 -1.89096e-08 -1.41221e-07 -9.39704e-08 7.35548e-08 -1.84141e-07 
17039.4 -1.12288e-07 -9.05055e-08 -2.44962e-07 -1.03995e-07 1.08546e-08 -1.09313e-07 
18350.1 -8.01911e-08 -2.2187e-07 -2.09873e-07 -9.99567e-08 -2.93801e-08 -1.37153e-07 
19660.8 -8.8387e-08 -2.23635e-07 7.93444e-09 -3.70328e-08 -4.73368e-09 -1.26553e-07 
20971.5 8.15844e-08 -4.97834e-08 9.00668e-08 -7.29418e-09 -5.83116e-09 -7.18834e-08 
23593 3.23222e-08 -1.66866e-07 -6.5541e-08 1.69262e-08 4.13204e-08 3.13975e-08 
26214.4 -2.76196e-07 -1.77049e-07 -2.39678e-08 2.91624e-08 6.13412e-08 5.47187e-08 
28835.8 -1.19324e-07 -1.66288e-07 7.0541e-08 3.80946e-08 2.30744e-08 6.88623e-08 
31457.3 1.9483e-08 -1.47712e-07 3.55918e-07 2.27865e-08 -2.33116e-08 9.64466e-08 
34078.7 -3.34227e-07 -1.1189e-07 -1.01756e-07 -3.73205e-09 -2.60868e-08 6.57539e-08 
36700.2 -2.87612e-07 -5.2319e-08 1.01478e-07 -9.41708e-08 5.56175e-09 2.36436e-08 
39321.6 -2.86032e-08 -2.60081e-08 1.65844e-07 -1.1637e-07 -1.40437e-08 -3.39923e-08 
41943 6.44464e-08 -3.42586e-08 1.78611e-07 -7.2763e-08 1.81345e-08 -6.65411e-08 
47185.9 -4.12124e-07 2.96993e-08 -2.31591e-07 9.46971e-08 4.41895e-08 -4.845e-08 
52428.8 2.18097e-07 4.71836e-08 1.43134e-07 1.21938e-07 1.54674e-08 -1.57371e-08 
57671.7 -1.10992e-07 -1.18383e-07 -2.14611e-08 8.59955e-08 1.61474e-08 6.28362e-08 
62914.6 2.64561e-07 -1.17965e-07 -1.09412e-07 -9.23341e-09 -7.6551e-08 3.13476e-08 
68157.4 3.26471e-08 1.64886e-07 -1.20973e-07 -2.94919e-08 -5.25826e-08 1.50168e-08 
73400.3 3.47364e-07 2.6727e-07 2.12311e-07 5.81368e-08 -3.48639e-08 1.42068e-08 
78643.2 8.52357e-08 2.35645e-07 3.97575e-08 6.65029e-08 -1.35299e-07 -7.06654e-09 
83886.1 1.39192e-07 1.16557e-07 -6.48337e-08 1.64238e-08 -7.64253e-08 2.62992e-08 
94371.8 -4.83354e-08 -1.68641e-07 -5.32442e-08 -3.88804e-08 -8.81729e-09 -2.48205e-08 
104858 -7.70972e-08 -4.06414e-07 -1.27694e-07 2.88674e-10 3.60301e-08 -5.33018e-09 
