# v_px_y v_px_z v_py_z c_thermo_press[4] c_thermo_press[5] c_thermo_press[6]
# total number of atoms: ${natoms}
# Timestep: 24000000
0 0.119398 0.118576 0.00808116 0.00216963 0.00192617 0.00249059 
0.005 0.118584 0.117784 0.0072209 0.00197028 0.0017278 0.00227593 
0.01 0.116589 0.115841 0.00511276 0.00148166 0.00124153 0.00174992 
0.015 0.114494 0.1138 0.00290011 0.000968407 0.000730679 0.00119785 
0.02 0.113394 0.112726 0.00174176 0.000698715 0.000462119 0.000908893 
0.025 0.113788 0.113103 0.00216522 0.000794668 0.000557421 0.00101466 
0.03 0.115318 0.114586 0.00379057 0.00116851 0.000929361 0.0014203 
0.035 0.116987 0.116205 0.00556287 0.00157646 0.00133539 0.00186256 
0.04 0.117732 0.116925 0.00635351 0.00175775 0.00151594 0.00205984 
0.045 0.117013 0.116223 0.00559538 0.0015813 0.00134042 0.00187066 
0.05 0.115122 0.11438 0.00359561 0.00111795 0.000879202 0.00137173 
0.055 0.112996 0.112309 0.00135022 0.000597526 0.000361035 0.000811534 
0.06 0.11169 0.111034 -2.41646e-05 0.000277644 4.2482e-05 0.000468634 
0.065 0.11179 0.111124 9.2305e-05 0.000301408 6.61897e-05 0.000497617 
0.07 0.11311 0.112401 0.0014991 0.000622921 0.000386585 0.000848405 
0.075 0.114809 0.114047 0.00330475 0.00103715 0.000799494 0.00129859 
0.08 0.115541 0.114757 0.00407924 0.00121513 0.000977118 0.00149149 
0.09 0.114056 0.113313 0.00249919 0.000851478 0.000615269 0.00109685 
0.1 0.111204 0.110537 -0.000518264 0.000154551 -7.89617e-05 0.000343843 
0.11 0.112069 0.111366 0.00041732 0.000364374 0.000130361 0.00057668 
0.12 0.114679 0.113895 0.00318931 0.0010001 0.00076411 0.00126726 
0.13 0.113869 0.113113 0.0023147 0.00080238 0.00056701 0.00104832 
0.14 0.111151 0.110474 -0.000571591 0.000139622 -9.36013e-05 0.00032792 
0.15 0.111729 0.111026 5.98587e-05 0.000279937 4.6204e-05 0.000484979 
0.16 0.113652 0.112893 0.00210228 0.000748888 0.000513198 0.000994065 
0.18 0.112061 0.111353 0.000398627 0.000361689 0.000126572 0.000568538 
0.2 0.113467 0.112714 0.00191095 0.000704496 0.000468239 0.000946206 
0.22 0.112148 0.111441 0.000494118 0.000384066 0.000148295 0.000592425 
0.24 0.113331 0.112583 0.00177155 0.000672125 0.000435955 0.000911458 
0.26 0.112209 0.111501 0.000565347 0.000399181 0.000163385 0.000610042 
0.28 0.113207 0.112461 0.00164094 0.00064178 0.000406076 0.000878846 
0.3 0.112312 0.111598 0.000676702 0.000423597 0.000188096 0.000637437 
0.32 0.11271 0.111982 0.00110654 0.000520734 0.000284816 0.000744699 
0.36 0.112637 0.111911 0.00103204 0.000503506 0.000266575 0.000725686 
0.4 0.112609 0.111884 0.00100248 0.000496748 0.000259304 0.000718469 
0.44 0.112612 0.111883 0.00100005 0.000497233 0.00026038 0.000719345 
0.48 0.112608 0.111878 0.000993573 0.000496194 0.000260496 0.000718789 
0.52 0.112594 0.111869 0.000984192 0.000492956 0.000258409 0.000716375 
0.56 0.112594 0.111873 0.000990187 0.000493458 0.000258977 0.000717433 
0.6 0.112596 0.111874 0.000993967 0.000494655 0.000259351 0.000718034 
0.64 0.112583 0.111861 0.000979931 0.000491856 0.000256235 0.000714307 
0.72 0.112576 0.111849 0.000966951 0.000488228 0.000252395 0.000711859 
0.8 0.112577 0.111848 0.000959995 0.000486947 0.000250696 0.000711635 
0.88 0.112574 0.111847 0.000959022 0.000485931 0.000251099 0.000710392 
0.96 0.112571 0.111845 0.000958368 0.000484842 0.000250003 0.00070972 
1.04 0.112565 0.111839 0.000955236 0.0004841 0.000248031 0.000709765 
1.12 0.112563 0.111833 0.000948854 0.00048333 0.000247708 0.000707968 
1.2 0.112565 0.11183 0.00094697 0.000483796 0.000247731 0.000707816 
1.28 0.112562 0.111831 0.000948936 0.000482418 0.000247329 0.000706986 
1.44 0.112555 0.11183 0.00094222 0.000481827 0.000247071 0.000705451 
1.6 0.112551 0.111821 0.000938054 0.000481011 0.000245322 0.000704548 
1.76 0.112546 0.111819 0.000932527 0.000480071 0.000244086 0.000703564 
1.92 0.112541 0.111817 0.000928319 0.000479369 0.000242491 0.000702977 
2.08 0.11254 0.11181 0.000928411 0.000478615 0.000241029 0.000702085 
2.24 0.112531 0.111805 0.000921888 0.000478206 0.000239434 0.000699935 
2.4 0.112526 0.111802 0.000921216 0.00047687 0.000239025 0.000699655 
2.56 0.112527 0.111801 0.000916663 0.000476253 0.000239635 0.000699086 
2.88 0.112526 0.111797 0.000916334 0.000474969 0.000237506 0.000697945 
3.2 0.112519 0.11179 0.000906224 0.000472985 0.000236619 0.000695579 
3.52 0.112515 0.111785 0.00090017 0.000470999 0.000235476 0.000696121 
3.84 0.112511 0.111781 0.000895208 0.000471039 0.000234058 0.000695408 
4.16 0.112508 0.111777 0.000892219 0.000469962 0.000232932 0.000694454 
4.48 0.112501 0.111772 0.000890628 0.000469517 0.000232481 0.000692289 
4.8 0.112499 0.111767 0.000884272 0.000468547 0.000231404 0.000691485 
5.12 0.112498 0.111768 0.000884472 0.000468338 0.000230458 0.000690333 
5.76 0.112494 0.111762 0.000876913 0.00046666 0.000229723 0.000690193 
6.4 0.112489 0.111758 0.000872622 0.000465071 0.00022892 0.000688373 
7.04 0.112488 0.111756 0.000873124 0.000465088 0.000227379 0.000687258 
7.68 0.11248 0.111752 0.00086885 0.000463483 0.000227295 0.000686258 
8.32 0.112478 0.11175 0.0008635 0.000463892 0.000225652 0.000685403 
8.96 0.112475 0.111747 0.000859515 0.000463039 0.000224667 0.000684489 
9.6 0.112467 0.111746 0.000857046 0.000462431 0.000224089 0.000683719 
10.24 0.112463 0.11174 0.000852929 0.000461224 0.000223968 0.000683346 
11.52 0.11246 0.111737 0.000849196 0.000459695 0.000223535 0.000682596 
12.8 0.112457 0.111733 0.000843329 0.000458288 0.00022226 0.000681413 
14.08 0.112455 0.11173 0.000842614 0.000457539 0.000221344 0.000680918 
15.36 0.112452 0.111724 0.000837758 0.000456718 0.000219765 0.0006796 
16.64 0.112447 0.111719 0.000832684 0.000456489 0.000219 0.0006784 
17.92 0.112442 0.111718 0.000835014 0.000455563 0.000219063 0.00067814 
19.2 0.112437 0.111713 0.000830948 0.000455938 0.000218749 0.000676719 
20.48 0.112435 0.111711 0.000827456 0.000454632 0.00021736 0.000675611 
23.04 0.11243 0.111707 0.00082349 0.000453223 0.000215837 0.000675106 
25.6 0.112425 0.111706 0.000818847 0.00045194 0.000215807 0.000673251 
28.16 0.112422 0.1117 0.000813337 0.000450435 0.000214001 0.000673391 
30.72 0.112416 0.111695 0.000813232 0.000449415 0.000213011 0.000672025 
33.28 0.112409 0.111689 0.000802059 0.000448675 0.000211423 0.000670841 
35.84 0.112403 0.111685 0.000797255 0.000447305 0.000210855 0.000669928 
38.4 0.1124 0.111683 0.000796115 0.000446913 0.000209986 0.000668563 
40.96 0.112399 0.111682 0.000791636 0.000446096 0.000209395 0.000667722 
46.08 0.11239 0.111674 0.000785972 0.000444691 0.000207252 0.000666575 
51.2 0.112382 0.111668 0.000780069 0.000443289 0.000205953 0.000664984 
56.32 0.112377 0.111661 0.000776498 0.000442387 0.000204822 0.000663976 
61.44 0.112369 0.111656 0.000770444 0.000440883 0.000203467 0.000663005 
66.56 0.112363 0.111649 0.000764028 0.000439893 0.000201745 0.000662136 
71.68 0.112357 0.111643 0.000760828 0.000438608 0.000201053 0.000660633 
76.8 0.112349 0.111638 0.000753643 0.000437474 0.000199733 0.000659068 
81.92 0.112346 0.111637 0.000750346 0.000436321 0.000198055 0.000658097 
92.16 0.112336 0.111629 0.000743197 0.000434101 0.000196492 0.000655875 
102.4 0.112328 0.111621 0.000736917 0.000432643 0.000194675 0.000654519 
112.64 0.112317 0.111612 0.000731489 0.000430492 0.000193196 0.000652477 
122.88 0.112306 0.111603 0.000725186 0.000428801 0.00019158 0.000651024 
133.12 0.112295 0.111595 0.000719908 0.000427761 0.000190282 0.000649291 
143.36 0.112288 0.111589 0.000715335 0.000426761 0.000189472 0.000647907 
153.6 0.112282 0.111584 0.000712101 0.000424962 0.000187825 0.000646191 
163.84 0.112271 0.111578 0.000708257 0.000424178 0.000186818 0.000644983 
184.32 0.112254 0.111561 0.000699422 0.000421701 0.00018419 0.000643477 
204.8 0.112239 0.11155 0.000692133 0.00041945 0.000181486 0.000641469 
225.28 0.112224 0.111537 0.000684527 0.000417737 0.000180083 0.000639429 
245.76 0.112211 0.11153 0.000675694 0.000416417 0.000178699 0.00063789 
266.24 0.112198 0.111517 0.000666053 0.000415453 0.000177932 0.000636603 
286.72 0.112183 0.111504 0.000657693 0.000413535 0.000176461 0.000634634 
307.2 0.112168 0.111491 0.000649282 0.000411795 0.000175148 0.000633344 
327.68 0.112163 0.111494 0.000641939 0.000410894 0.000173355 0.000631691 
368.64 0.11214 0.111478 0.000627023 0.000408973 0.000170937 0.000628245 
409.6 0.112119 0.111468 0.000615603 0.000407644 0.000168215 0.000625386 
450.56 0.112102 0.111457 0.000603293 0.000406436 0.00016581 0.000622864 
491.52 0.112082 0.111442 0.000589418 0.000405126 0.00016356 0.000620973 
532.48 0.112061 0.11143 0.000582484 0.000403369 0.000161849 0.000619319 
573.44 0.112045 0.111421 0.000573668 0.00040072 0.000159775 0.000616505 
614.4 0.11203 0.111418 0.000569626 0.000399373 0.000156338 0.000614754 
655.36 0.112032 0.111428 0.000561105 0.000397796 0.000153277 0.000612851 
737.28 0.111999 0.111405 0.000544747 0.000393955 0.000149662 0.000608748 
819.2 0.111969 0.111386 0.000526628 0.000390093 0.000145579 0.000603478 
901.12 0.111938 0.11137 0.000509722 0.000386767 0.000142645 0.000599722 
983.04 0.111912 0.11136 0.000491908 0.000384171 0.000137402 0.000596335 
1064.96 0.11188 0.111346 0.000470031 0.000381722 0.000135086 0.000593438 
1146.88 0.11185 0.11133 0.000454365 0.000381071 0.00013288 0.000591066 
1228.8 0.111819 0.111318 0.000442677 0.000379277 0.000130877 0.000588136 
1310.72 0.111788 0.111305 0.000433456 0.000376488 0.000127538 0.000586792 
1474.56 0.111698 0.111276 0.000416125 0.000371324 0.000121194 0.000581353 
1638.4 0.111623 0.111266 0.000397901 0.000367682 0.000115527 0.000576553 
1802.24 0.111566 0.111269 0.000382831 0.000363743 0.000108766 0.000572295 
1966.08 0.111526 0.111262 0.000358234 0.000360141 0.000104368 0.000568898 
2129.92 0.111497 0.111248 0.000340778 0.000356672 9.95907e-05 0.00056472 
2293.76 0.111479 0.111245 0.000331776 0.000354604 9.50735e-05 0.000560093 
2457.6 0.111453 0.111246 0.000324921 0.000351455 9.12735e-05 0.000555224 
2621.44 0.11141 0.111241 0.000321127 0.000348927 8.69369e-05 0.000551443 
2949.12 0.111328 0.111206 0.000315073 0.000341795 7.83613e-05 0.000545331 
3276.8 0.111291 0.111202 0.000313303 0.000332261 7.21793e-05 0.000541237 
3604.48 0.111269 0.111206 0.000295199 0.000328012 6.68919e-05 0.000534336 
3932.16 0.111247 0.111186 0.000270907 0.0003222 6.09857e-05 0.000528123 
4259.84 0.111223 0.11116 0.000251164 0.000319795 5.44312e-05 0.000527062 
4587.52 0.111173 0.111101 0.000244737 0.00031455 4.96454e-05 0.000525825 
4915.2 0.111112 0.111076 0.000232475 0.000307603 4.81918e-05 0.000526792 
5242.88 0.110999 0.111054 0.000203732 0.000300922 4.45244e-05 0.000526849 
5898.24 0.110862 0.111045 0.000187446 0.000292915 3.19357e-05 0.000516646 
6553.6 0.110674 0.111109 0.000158763 0.000287883 1.93352e-05 0.000507121 
7208.96 0.110573 0.111098 0.000105043 0.000282697 5.37845e-06 0.000498561 
7864.32 0.110479 0.110977 5.14675e-05 0.000275235 -2.78245e-06 0.000490316 
8519.68 0.110416 0.11087 2.38164e-05 0.000267006 -8.84155e-06 0.000472134 
9175.04 0.110426 0.110796 3.17543e-05 0.000260415 -8.97488e-06 0.000450997 
9830.4 0.11039 0.110761 4.22999e-05 0.000255062 -8.2647e-06 0.000434724 
10485.8 0.11063 0.111045 1.7768e-05 0.00024862 -5.31573e-06 0.00042156 
11796.5 0.110511 0.111016 -7.6337e-05 0.000222273 1.12363e-07 0.00041796 
13107.2 0.110408 0.111079 -0.000132261 0.000191978 3.06359e-05 0.000423144 
14417.9 0.110474 0.111197 -0.000171331 0.000168331 4.98221e-05 0.000403535 
15728.6 0.110487 0.111293 -0.000199989 0.000152112 4.97771e-05 0.000375752 
17039.4 0.110345 0.111219 -0.000199358 0.000139885 3.96923e-05 0.000350141 
18350.1 0.110309 0.111042 -0.000277769 0.000121593 3.06592e-05 0.000342271 
19660.8 0.110148 0.110806 -0.000265309 9.74967e-05 1.62783e-05 0.000333992 
20971.5 0.110425 0.111091 -0.000209182 7.86816e-05 6.91024e-06 0.000302446 
23593 0.110027 0.110544 -0.000170335 3.77804e-05 -3.28671e-05 0.000214906 
26214.4 0.109923 0.109848 -5.21912e-05 1.88458e-05 -7.36799e-05 0.000154851 
28835.8 0.109798 0.109134 6.53894e-05 -2.0232e-06 -6.94466e-05 8.97703e-05 
31457.3 0.109626 0.10857 0.000198795 -3.47392e-05 -4.89263e-05 3.25007e-05 
34078.7 0.109682 0.108369 0.000253113 -3.47995e-05 -4.95426e-05 3.0176e-07 
36700.2 0.109226 0.108404 0.000190074 -3.99067e-06 -5.99457e-05 -4.48719e-05 
39321.6 0.108765 0.108681 0.000100669 1.606e-05 -6.9296e-05 -8.03739e-05 
41943 0.109917 0.110494 4.93063e-06 2.13111e-05 -6.80429e-05 -0.000143446 
47185.9 0.108851 0.109808 -0.000186989 9.16305e-05 -8.7183e-06 -0.000270589 
52428.8 0.108698 0.109598 -0.00031599 0.000173819 -2.12059e-05 -0.000360984 
57671.7 0.110074 0.109137 -0.000246356 0.000270209 -2.08885e-05 -0.000438583 
62914.6 0.112034 0.108807 -8.08446e-07 0.000334677 5.47827e-05 -0.000524492 
68157.4 0.112099 0.108732 0.000172667 0.000353503 5.13365e-05 -0.000575504 
73400.3 0.110702 0.10794 0.000241776 0.000308844 -1.95685e-05 -0.000520974 
78643.2 0.110985 0.10956 0.000110432 0.000216336 2.883e-05 -0.000405263 
83886.1 0.110446 0.110491 -3.20489e-05 0.000120385 1.59557e-05 -0.00026935 
94371.8 0.11029 0.107062 -2.31811e-05 -5.16835e-05 7.51222e-07 -0.000109156 
104858 0.112 0.10491 9.89659e-05 -0.000218762 -1.32714e-05 8.74866e-05 
