# v_px_y v_px_z v_py_z c_thermo_press[4] c_thermo_press[5] c_thermo_press[6]
# total number of atoms: ${natoms}
# Timestep: 24000000
0 0.0737421 0.089143 0.00892349 0.00204773 0.00552027 0.00218902 
0.005 0.073126 0.0885109 0.00827132 0.00189671 0.00536301 0.00202199 
0.01 0.0716172 0.0869636 0.00667483 0.00152689 0.00497804 0.00161317 
0.015 0.0700349 0.0853422 0.00500208 0.00113903 0.00457475 0.00118507 
0.02 0.0692014 0.0844913 0.00412435 0.000934607 0.00436326 0.000961093 
0.025 0.0694766 0.0847804 0.00442259 0.00100177 0.00443548 0.00103894 
0.03 0.0705686 0.0859092 0.00558659 0.00126893 0.00471663 0.00133906 
0.035 0.0717163 0.0870952 0.00680877 0.0015496 0.00501194 0.00165422 
0.04 0.0721317 0.0875284 0.00725373 0.00165084 0.00511988 0.00176996 
0.045 0.0714509 0.086835 0.00653632 0.0014837 0.00494747 0.00158728 
0.05 0.0699376 0.0852859 0.004937 0.00111284 0.00456225 0.0011781 
0.055 0.0683247 0.0836347 0.0032336 0.000717752 0.00415172 0.000742121 
0.06 0.067393 0.0826837 0.00225371 0.000489391 0.00391546 0.000491974 
0.065 0.067534 0.0828353 0.00241157 0.000523442 0.00395344 0.000534149 
0.07 0.0685435 0.0838789 0.0034891 0.000769838 0.00421323 0.000812604 
0.075 0.0697477 0.0851212 0.00477042 0.00106375 0.00452234 0.00114324 
0.08 0.0701325 0.0855193 0.00517936 0.00115732 0.00462138 0.00124923 
0.09 0.0687376 0.0840885 0.00370036 0.000815608 0.00426584 0.000870207 
0.1 0.0666848 0.0819829 0.00153013 0.000313415 0.003743 0.000313836 
0.11 0.0675968 0.0829267 0.00250918 0.000535593 0.00397855 0.000567977 
0.12 0.0694251 0.0848072 0.00445046 0.000981626 0.00444659 0.00106836 
0.13 0.0684581 0.0838088 0.00341745 0.000745387 0.00419869 0.000802139 
0.14 0.0665139 0.081809 0.00135543 0.000270797 0.00370215 0.000272014 
0.15 0.0673264 0.0826485 0.00222787 0.000469058 0.00391141 0.000498168 
0.16 0.0685547 0.0839115 0.00353261 0.000769328 0.00422568 0.000833801 
0.18 0.0671686 0.0824817 0.00205534 0.000430978 0.00386977 0.000452579 
0.2 0.0684539 0.0838078 0.00343281 0.000745445 0.00420057 0.000808213 
0.22 0.0672161 0.082529 0.00211305 0.00044293 0.00388227 0.000467151 
0.24 0.0684032 0.0837537 0.00338604 0.00073256 0.00418794 0.000796364 
0.26 0.0672484 0.0825597 0.00215342 0.000449677 0.003891 0.000477584 
0.28 0.0683905 0.0837387 0.00337462 0.000728887 0.00418585 0.000793116 
0.3 0.0672614 0.0825737 0.00216881 0.000452691 0.00389593 0.00048102 
0.32 0.067744 0.0830744 0.00268519 0.000571089 0.00402129 0.000614252 
0.36 0.0676821 0.0830139 0.00261982 0.000555948 0.00400665 0.000597067 
0.4 0.0676742 0.0830086 0.00261269 0.000553648 0.00400543 0.000595435 
0.44 0.0676678 0.0830057 0.00260843 0.000552431 0.00400464 0.000593983 
0.48 0.0676424 0.0829827 0.00258511 0.00054661 0.00399845 0.000586687 
0.52 0.0676487 0.0829891 0.00259488 0.000548098 0.00399937 0.000588061 
0.56 0.0676613 0.0830015 0.00260945 0.00055174 0.00400235 0.000592332 
0.6 0.0676412 0.0829792 0.00258571 0.000547351 0.00399724 0.000587366 
0.64 0.0676329 0.0829681 0.00257418 0.000545336 0.00399498 0.000584356 
0.72 0.0676255 0.08296 0.00256475 0.000543948 0.00399328 0.000581705 
0.8 0.0676154 0.0829542 0.00255198 0.00054226 0.003991 0.000579266 
0.88 0.067611 0.0829538 0.00254934 0.000541529 0.00398939 0.000578146 
0.96 0.0676044 0.082951 0.00254846 0.00054013 0.00398782 0.000576595 
1.04 0.0675993 0.0829437 0.0025408 0.000538577 0.00398664 0.000575138 
1.12 0.0675955 0.0829352 0.00253572 0.000537192 0.00398672 0.000575367 
1.2 0.0675938 0.0829291 0.00253315 0.000535134 0.00398455 0.000574865 
1.28 0.0675898 0.082925 0.00253389 0.000534288 0.00398338 0.000573248 
1.44 0.0675855 0.0829206 0.00252705 0.00053286 0.00398182 0.000570304 
1.6 0.0675755 0.0829153 0.00251979 0.000530145 0.00398055 0.000569972 
1.76 0.0675736 0.0829142 0.00251836 0.000530704 0.00397942 0.000567998 
1.92 0.0675702 0.0829076 0.00251079 0.000529108 0.00397797 0.000566976 
2.08 0.0675605 0.0829027 0.00250396 0.000527419 0.00397771 0.00056507 
2.24 0.0675628 0.0829033 0.00250039 0.000527411 0.00397652 0.000563348 
2.4 0.0675565 0.0828978 0.0024915 0.000525806 0.00397402 0.000562483 
2.56 0.0675521 0.0828911 0.00248538 0.000525266 0.0039727 0.000561486 
2.88 0.0675422 0.0828824 0.0024758 0.000523271 0.00397025 0.000560613 
3.2 0.0675362 0.0828754 0.00246998 0.000521606 0.00396941 0.0005582 
3.52 0.0675335 0.0828681 0.00246751 0.000520423 0.00396757 0.000555831 
3.84 0.0675277 0.0828617 0.00246452 0.000518572 0.00396691 0.000555295 
4.16 0.0675252 0.0828596 0.00245857 0.000517543 0.00396476 0.000553822 
4.48 0.0675171 0.0828581 0.00245066 0.00051642 0.00396386 0.000552667 
4.8 0.067512 0.0828515 0.00244686 0.000515205 0.00396354 0.00055279 
5.12 0.0675102 0.082848 0.00244295 0.000514536 0.00396239 0.000551333 
5.76 0.0675065 0.08284 0.00243889 0.000513548 0.0039611 0.000550122 
6.4 0.0674991 0.0828375 0.0024323 0.000512753 0.00395937 0.000547849 
7.04 0.0674952 0.0828327 0.00242686 0.000511076 0.00395899 0.000546883 
7.68 0.0674906 0.0828275 0.0024223 0.000509221 0.00395772 0.000544883 
8.32 0.0674875 0.0828235 0.00242183 0.000508672 0.00395742 0.00054435 
8.96 0.0674821 0.0828215 0.00241281 0.000508428 0.00395624 0.000543364 
9.6 0.0674797 0.0828158 0.00241437 0.00050723 0.00395467 0.000542219 
10.24 0.0674764 0.0828139 0.00240927 0.000505959 0.00395495 0.000542068 
11.52 0.0674748 0.0828102 0.00240223 0.000504623 0.0039535 0.000541208 
12.8 0.0674698 0.0828031 0.00239799 0.000503457 0.00395267 0.000539699 
14.08 0.0674662 0.0827981 0.00239279 0.000502362 0.0039518 0.000539015 
15.36 0.0674601 0.0827939 0.00238918 0.000501579 0.00394932 0.000537964 
16.64 0.0674559 0.0827884 0.00238234 0.000500679 0.00394865 0.000538119 
17.92 0.0674522 0.0827868 0.00238359 0.000500109 0.00394774 0.000537259 
19.2 0.0674495 0.0827855 0.00237901 0.000499152 0.00394683 0.000535456 
20.48 0.0674464 0.0827824 0.00237493 0.000498574 0.0039461 0.000535233 
23.04 0.0674419 0.0827784 0.00237299 0.000497879 0.00394556 0.000533675 
25.6 0.0674385 0.0827743 0.00236921 0.000496825 0.00394458 0.000532676 
28.16 0.0674336 0.0827691 0.00236071 0.000495542 0.00394342 0.0005314 
30.72 0.0674287 0.0827625 0.00235504 0.000494891 0.00394237 0.00053037 
33.28 0.0674239 0.0827593 0.00235169 0.000493934 0.00394229 0.000528698 
35.84 0.0674225 0.0827579 0.00234821 0.000493719 0.0039412 0.000528355 
38.4 0.0674224 0.0827533 0.0023472 0.000492044 0.00393937 0.000527649 
40.96 0.0674178 0.0827504 0.00234475 0.000491262 0.00393911 0.000526881 
46.08 0.0674149 0.0827468 0.00233936 0.00048977 0.00393866 0.000526363 
51.2 0.067412 0.0827449 0.00233493 0.000489455 0.0039372 0.000525284 
56.32 0.0674099 0.0827397 0.00233084 0.000488051 0.00393622 0.000523924 
61.44 0.0674041 0.0827349 0.00232318 0.000486822 0.00393509 0.000523671 
66.56 0.0674023 0.0827279 0.00231704 0.000485975 0.00393401 0.000522698 
71.68 0.0673992 0.0827239 0.00231423 0.000485429 0.00393284 0.000520991 
76.8 0.067395 0.0827214 0.00231248 0.00048521 0.00393305 0.00052032 
81.92 0.0673941 0.082723 0.00231267 0.000484576 0.00393183 0.000519429 
92.16 0.0673884 0.0827146 0.00230708 0.000483404 0.00393056 0.000518217 
102.4 0.0673822 0.0827081 0.00229785 0.000481829 0.00392923 0.000517473 
112.64 0.0673759 0.0827004 0.00228955 0.00048023 0.00392762 0.000516406 
122.88 0.067371 0.0826941 0.00228489 0.000479811 0.00392618 0.000514743 
133.12 0.0673692 0.0826928 0.00228151 0.000479213 0.00392516 0.000513915 
143.36 0.0673666 0.0826917 0.00227889 0.000478462 0.00392484 0.000512505 
153.6 0.0673653 0.0826868 0.00227538 0.000478889 0.00392414 0.000512244 
163.84 0.0673627 0.0826848 0.00227386 0.000477594 0.00392316 0.000510979 
184.32 0.0673563 0.082678 0.00226637 0.000476731 0.00392268 0.00050997 
204.8 0.0673564 0.0826722 0.0022632 0.000475105 0.00392096 0.000508765 
225.28 0.0673563 0.0826669 0.00226356 0.000474219 0.00391971 0.00050754 
245.76 0.0673493 0.0826602 0.00226005 0.000473881 0.00391974 0.000505772 
266.24 0.0673474 0.0826532 0.00225372 0.000473144 0.00391862 0.000505034 
286.72 0.067344 0.0826483 0.00224638 0.000472101 0.00391767 0.00050397 
307.2 0.0673395 0.082643 0.00223704 0.000471485 0.00391622 0.0005034 
327.68 0.067339 0.0826458 0.00223281 0.000471633 0.0039151 0.000502739 
368.64 0.0673317 0.0826371 0.00222369 0.000469416 0.00391356 0.000502194 
409.6 0.0673233 0.0826276 0.00221504 0.000468381 0.00391132 0.000500903 
450.56 0.0673143 0.0826155 0.00220877 0.000467605 0.00390959 0.000498654 
491.52 0.0673112 0.0826087 0.00220112 0.000467153 0.00390772 0.000496194 
532.48 0.0673018 0.0825979 0.00219291 0.000465671 0.00390623 0.000494879 
573.44 0.0672929 0.0825831 0.00218441 0.000462946 0.00390475 0.000492789 
614.4 0.067284 0.0825721 0.00218078 0.000461374 0.00390344 0.000490218 
655.36 0.067284 0.0825727 0.00217111 0.000460531 0.00390324 0.000488268 
737.28 0.0672772 0.0825571 0.00215813 0.000457693 0.00390145 0.000485676 
819.2 0.0672667 0.0825433 0.00214377 0.000455423 0.00390079 0.000483154 
901.12 0.0672652 0.0825248 0.00213147 0.000453648 0.0038989 0.000481183 
983.04 0.0672603 0.0825105 0.00211581 0.000451713 0.00389706 0.000479869 
1064.96 0.0672618 0.0825025 0.00209888 0.000449735 0.00389407 0.000477292 
1146.88 0.0672589 0.0824962 0.00208443 0.00044874 0.00389193 0.000475538 
1228.8 0.0672543 0.0824768 0.0020646 0.000446378 0.0038912 0.000472837 
1310.72 0.0672516 0.0824621 0.00205458 0.000444167 0.00388992 0.000471061 
1474.56 0.0672403 0.082444 0.00203064 0.000440793 0.00388758 0.000468401 
1638.4 0.0672351 0.0824308 0.00201249 0.000436995 0.00388727 0.000465903 
1802.24 0.0672125 0.0823995 0.00198834 0.000433122 0.0038862 0.000463279 
1966.08 0.0672038 0.0823674 0.00196736 0.000429487 0.0038853 0.000460035 
2129.92 0.0671979 0.0823395 0.00194472 0.000425809 0.00388195 0.000457314 
2293.76 0.0671918 0.0823118 0.00191784 0.000421713 0.00388038 0.000453858 
2457.6 0.0671762 0.0822857 0.00188656 0.000420013 0.00387748 0.000448599 
2621.44 0.0671731 0.0822639 0.00186074 0.000417117 0.00387734 0.000445191 
2949.12 0.0671391 0.0821878 0.00180145 0.000413039 0.00387862 0.000438494 
3276.8 0.0671057 0.0821001 0.00174372 0.000410921 0.00387875 0.000430494 
3604.48 0.0670878 0.0820316 0.0016887 0.00040897 0.00387893 0.000425143 
3932.16 0.067081 0.0819621 0.00163454 0.000407907 0.00387958 0.000418384 
4259.84 0.067078 0.0818784 0.00158383 0.000407645 0.00387611 0.000411683 
4587.52 0.0670523 0.081785 0.00153312 0.000405826 0.00387862 0.000405051 
4915.2 0.0670441 0.0817142 0.00147922 0.000401857 0.00388111 0.000398973 
5242.88 0.0670209 0.0816149 0.00142735 0.000396464 0.00388334 0.000392531 
5898.24 0.0668932 0.0813654 0.00133951 0.000386612 0.00389035 0.000381533 
6553.6 0.0668024 0.0811624 0.00129358 0.000376209 0.00389841 0.000371961 
7208.96 0.066677 0.0809631 0.00125426 0.000363686 0.00390555 0.000357026 
7864.32 0.0665523 0.0807358 0.0011984 0.000344922 0.00390696 0.000345215 
8519.68 0.0663876 0.0804688 0.00115151 0.000335086 0.00390375 0.000337521 
9175.04 0.0662789 0.0802808 0.00110456 0.000322443 0.00389966 0.000327754 
9830.4 0.0661448 0.0800968 0.00106346 0.000309633 0.00389977 0.00031779 
10485.8 0.0661492 0.0801516 0.0010451 0.000296575 0.00391151 0.000303679 
11796.5 0.0659304 0.0798042 0.000951861 0.00027323 0.00390752 0.000287833 
13107.2 0.0657064 0.0794693 0.000862575 0.000251096 0.00391421 0.000268217 
14417.9 0.0654131 0.0792471 0.000792644 0.000224411 0.00393335 0.000239323 
15728.6 0.0651067 0.0791492 0.000773141 0.000190955 0.00395208 0.000220207 
17039.4 0.0647525 0.0789496 0.000755967 0.000158204 0.00395648 0.000212465 
18350.1 0.0643363 0.0787638 0.00081938 0.000137431 0.00394722 0.000214468 
19660.8 0.064004 0.0784538 0.000904706 0.000112532 0.00393547 0.00022574 
20971.5 0.0638637 0.0786489 0.000951533 8.50391e-05 0.00396856 0.000251433 
23593 0.0634219 0.0782532 0.000998848 3.41021e-05 0.00396383 0.000277749 
26214.4 0.0632743 0.0781165 0.000951915 3.75874e-07 0.0039119 0.000290866 
28835.8 0.0632309 0.0781732 0.000804505 -3.8447e-05 0.00388641 0.000314941 
31457.3 0.063412 0.0783443 0.00072734 -6.89352e-05 0.0038528 0.000340367 
34078.7 0.0637446 0.0784294 0.000652067 -8.77423e-05 0.00383044 0.000360476 
36700.2 0.064053 0.0781793 0.000599673 -0.000101387 0.00382773 0.000350317 
39321.6 0.0639269 0.0775773 0.000537243 -0.000114329 0.00382289 0.000345142 
41943 0.0642015 0.0784915 0.000576129 -0.000133086 0.00383063 0.000352652 
47185.9 0.0643491 0.0781583 0.000617551 -0.000152806 0.00375666 0.000353607 
52428.8 0.0659045 0.0787167 0.000181102 -0.000162667 0.00370449 0.000365023 
57671.7 0.0673939 0.0808333 2.00356e-05 -0.000205207 0.00378629 0.000338365 
62914.6 0.0687154 0.0834845 6.45535e-05 -0.000257652 0.00391667 0.000272861 
68157.4 0.07009 0.0849941 2.91519e-05 -0.000242935 0.00387637 0.000185959 
73400.3 0.0704067 0.0861513 0.000136371 -0.000174738 0.00370888 0.000185046 
78643.2 0.0707993 0.0872439 0.000509336 -5.02884e-05 0.00360744 0.000264499 
83886.1 0.0726303 0.0885609 0.000462473 0.00011307 0.00343164 0.000435208 
94371.8 0.0753654 0.0930122 0.000474281 0.000382551 0.0028258 0.000431887 
104858 0.0669033 0.0936024 0.0015395 0.000405653 0.00258008 -7.15288e-05 
