# v_px_y v_px_z v_py_z c_thermo_press[4] c_thermo_press[5] c_thermo_press[6]
# total number of atoms: ${natoms}
# Timestep: 24000000
0 0.051428 0.0317138 0.00871807 0.00169886 0.00164186 0.00151772 
0.005 0.0511925 0.0314802 0.00847351 0.0016413 0.0015855 0.00145814 
0.01 0.0506041 0.0308969 0.00786284 0.00149747 0.00144464 0.00130928 
0.015 0.0499502 0.0302483 0.00718474 0.00133745 0.0012878 0.00114371 
0.02 0.0495257 0.0298267 0.00674576 0.00123317 0.00118534 0.0010359 
0.025 0.0494733 0.0297735 0.00669383 0.00121945 0.00117132 0.00102183 
0.03 0.0497123 0.0300091 0.00694469 0.0012767 0.00122663 0.00108114 
0.035 0.0499917 0.0302849 0.00723694 0.00134382 0.00129159 0.00115046 
0.04 0.0500345 0.0303266 0.00728253 0.00135335 0.00130029 0.00115998 
0.045 0.0496949 0.0299895 0.00693033 0.00126976 0.00121804 0.00107307 
0.05 0.0490405 0.0293404 0.00625146 0.0011095 0.00106088 0.000906947 
0.055 0.0483137 0.0286191 0.00549827 0.000931489 0.000886361 0.000722791 
0.06 0.0477949 0.0281035 0.00496259 0.000804031 0.000761153 0.000591325 
0.065 0.0476505 0.0279586 0.00481675 0.000767653 0.000724856 0.000554353 
0.07 0.0478475 0.0281522 0.00502544 0.000814474 0.000769838 0.000603429 
0.075 0.0481777 0.0284786 0.00537121 0.000894015 0.000846901 0.000686002 
0.08 0.0482941 0.028594 0.00549222 0.000921982 0.00087387 0.00071459 
0.09 0.0477797 0.0280845 0.00495549 0.000796585 0.000751132 0.000583679 
0.1 0.0468677 0.0271788 0.00400946 0.000573951 0.000533305 0.000353352 
0.11 0.0469027 0.02721 0.00405392 0.000580814 0.000538877 0.000362235 
0.12 0.0474964 0.0277973 0.00467479 0.00072452 0.000678325 0.000511716 
0.13 0.0473073 0.0276111 0.0044732 0.000679398 0.000634496 0.000463706 
0.14 0.0465797 0.0268888 0.00371536 0.000502761 0.000462336 0.000280587 
0.15 0.0466243 0.0269292 0.00377014 0.000512291 0.000470828 0.00029276 
0.16 0.0471154 0.0274157 0.00428303 0.000631557 0.000586554 0.000417051 
0.18 0.0467883 0.0270914 0.00393887 0.00055301 0.000510846 0.000335218 
0.2 0.0470882 0.0273856 0.00426034 0.000624815 0.00058017 0.000412295 
0.22 0.0468335 0.0271344 0.00399106 0.000564027 0.000522127 0.000348554 
0.24 0.0470536 0.0273509 0.00422982 0.000616356 0.000572449 0.00040522 
0.26 0.046822 0.0271247 0.00398374 0.000560961 0.00051904 0.000347067 
0.28 0.0469933 0.0272932 0.00416949 0.000601291 0.000557491 0.000390765 
0.3 0.0468022 0.0271065 0.00396444 0.000555463 0.000512729 0.000342353 
0.32 0.0468618 0.0271639 0.00402847 0.000569348 0.000525564 0.000357007 
0.36 0.0468167 0.0271185 0.00397984 0.000558324 0.000513884 0.000344773 
0.4 0.0467924 0.0270953 0.00395496 0.000552621 0.00050795 0.000338165 
0.44 0.046788 0.0270935 0.00395163 0.000551395 0.000507375 0.000336761 
0.48 0.0467885 0.0270952 0.0039515 0.000550923 0.000508012 0.000336552 
0.52 0.0467834 0.027091 0.00394506 0.000549288 0.000507283 0.000335064 
0.56 0.0467771 0.0270869 0.00393849 0.000548229 0.000506051 0.000333278 
0.6 0.0467694 0.0270804 0.00393202 0.00054698 0.000504422 0.00033139 
0.64 0.0467587 0.0270706 0.00392045 0.000544613 0.000502054 0.000328454 
0.72 0.0467449 0.0270606 0.00390673 0.000541022 0.000498276 0.000323985 
0.8 0.046734 0.0270564 0.0039005 0.000539648 0.000496436 0.000321722 
0.88 0.0467307 0.0270504 0.00389419 0.000538671 0.000495756 0.000320473 
0.96 0.0467301 0.0270407 0.00388562 0.000536689 0.000494696 0.000320049 
1.04 0.0467233 0.0270337 0.00387651 0.000534755 0.000493115 0.000318767 
1.12 0.0467162 0.0270303 0.00387313 0.00053409 0.000492127 0.000316817 
1.2 0.0467085 0.0270258 0.00387306 0.000534417 0.000490976 0.000314556 
1.28 0.0467077 0.0270245 0.00386909 0.000532877 0.000490396 0.000313586 
1.44 0.0467036 0.0270153 0.00385604 0.000530231 0.000487619 0.000312515 
1.6 0.0466954 0.027012 0.00385071 0.000528085 0.000484851 0.000311209 
1.76 0.0466857 0.0270038 0.00384728 0.000527933 0.000483007 0.000309758 
1.92 0.0466812 0.0269959 0.00383856 0.000525818 0.000481618 0.000308881 
2.08 0.0466778 0.026995 0.00383638 0.000524615 0.000480513 0.000307015 
2.24 0.0466727 0.0269893 0.00383307 0.000523308 0.00047862 0.000306511 
2.4 0.0466695 0.0269795 0.00382464 0.000521288 0.000477592 0.000305348 
2.56 0.0466666 0.026977 0.00381841 0.000520326 0.000476898 0.000303638 
2.88 0.0466557 0.0269694 0.00380755 0.000518612 0.000474861 0.000301677 
3.2 0.046648 0.0269609 0.00380355 0.000516762 0.000472454 0.000299953 
3.52 0.0466386 0.0269547 0.00379706 0.000516061 0.00047115 0.000298272 
3.84 0.0466336 0.0269493 0.0037887 0.000514057 0.000470554 0.00029704 
4.16 0.0466308 0.0269479 0.00378759 0.000511396 0.000468361 0.000295022 
4.48 0.0466252 0.0269402 0.00377637 0.000512437 0.000467388 0.00029492 
4.8 0.0466202 0.0269348 0.00377247 0.000510133 0.000466272 0.000294472 
5.12 0.0466174 0.0269334 0.00376873 0.000510377 0.000465785 0.000293258 
5.76 0.0466083 0.0269262 0.00376284 0.000508259 0.000465274 0.000291054 
6.4 0.0466028 0.0269233 0.00375873 0.000506839 0.000463217 0.000289338 
7.04 0.046601 0.0269138 0.00375375 0.000504789 0.000462396 0.000287932 
7.68 0.0465927 0.0269086 0.00374779 0.000502832 0.000460551 0.000287022 
8.32 0.0465872 0.026902 0.00373981 0.000501899 0.000459795 0.000285071 
8.96 0.0465812 0.0268973 0.00373451 0.000501225 0.000458426 0.000284735 
9.6 0.0465779 0.0268923 0.00373183 0.000500086 0.000457782 0.00028436 
10.24 0.0465772 0.02689 0.00372612 0.000498887 0.000456623 0.000282692 
11.52 0.0465715 0.0268849 0.00372222 0.000497031 0.000454752 0.000280454 
12.8 0.0465667 0.0268802 0.00371838 0.000495979 0.00045403 0.000278759 
14.08 0.046565 0.0268794 0.00371209 0.000494469 0.000451967 0.000278018 
15.36 0.0465546 0.0268708 0.00370906 0.000494247 0.000451019 0.000276855 
16.64 0.046551 0.0268662 0.00370306 0.000492464 0.000449044 0.000276029 
17.92 0.0465478 0.0268593 0.00369863 0.00049215 0.00044848 0.000273808 
19.2 0.0465434 0.0268568 0.00369442 0.000490612 0.000448065 0.000273236 
20.48 0.0465388 0.0268541 0.00369012 0.000489797 0.000447084 0.000272352 
23.04 0.0465341 0.0268466 0.00368511 0.00048846 0.000446015 0.000270876 
25.6 0.0465315 0.02684 0.00367829 0.000486888 0.000444896 0.000268911 
28.16 0.0465201 0.0268331 0.00367189 0.000485586 0.000443088 0.000267965 
30.72 0.0465116 0.026829 0.00366929 0.000484618 0.000442314 0.000266638 
33.28 0.0465089 0.0268233 0.00366354 0.000482715 0.000440946 0.000266258 
35.84 0.0465069 0.0268202 0.00366062 0.00048189 0.000439994 0.000264783 
38.4 0.0465034 0.0268151 0.00365577 0.000480686 0.000438672 0.000263938 
40.96 0.0464999 0.0268102 0.00365351 0.000479939 0.000437821 0.000263114 
46.08 0.0464928 0.026803 0.00364324 0.000478611 0.000436484 0.000260381 
51.2 0.046489 0.0267972 0.00363884 0.000477478 0.000435641 0.00025904 
56.32 0.0464836 0.0267884 0.00363282 0.000476522 0.000434338 0.000258219 
61.44 0.0464781 0.0267812 0.00362622 0.000474819 0.000432266 0.000256983 
66.56 0.0464734 0.0267767 0.00362326 0.000472872 0.000430691 0.000256477 
71.68 0.0464709 0.0267737 0.00361937 0.000472226 0.000429938 0.000254993 
76.8 0.0464665 0.0267684 0.00361517 0.000471409 0.000429298 0.000253782 
81.92 0.0464631 0.0267637 0.00361267 0.00047027 0.000428495 0.000253196 
92.16 0.0464554 0.026756 0.00360696 0.000468334 0.000427041 0.000251693 
102.4 0.0464497 0.0267487 0.00360555 0.000467178 0.000425205 0.000250694 
112.64 0.0464422 0.0267441 0.00360026 0.000465813 0.000423738 0.000249441 
122.88 0.0464399 0.026737 0.00359599 0.000463857 0.000421177 0.000247951 
133.12 0.0464371 0.0267357 0.00359224 0.000462267 0.000420064 0.000245875 
143.36 0.0464291 0.0267302 0.00358434 0.000461177 0.000419085 0.000245024 
153.6 0.0464248 0.0267222 0.00358287 0.000460417 0.000417822 0.000244168 
163.84 0.0464216 0.0267144 0.00358082 0.000459163 0.000417005 0.000243063 
184.32 0.0464165 0.0267035 0.00357369 0.000457977 0.000413591 0.000240492 
204.8 0.0464067 0.0266911 0.00356717 0.000455884 0.000410773 0.000237782 
225.28 0.0463975 0.0266836 0.00356261 0.000453824 0.000408811 0.000236291 
245.76 0.0463903 0.0266762 0.00355352 0.000451922 0.00040736 0.0002346 
266.24 0.0463822 0.0266715 0.00355155 0.000450874 0.000405161 0.000232491 
286.72 0.0463799 0.0266688 0.003547 0.000450338 0.000403189 0.000230574 
307.2 0.0463724 0.0266673 0.00354182 0.000448417 0.00040235 0.000228737 
327.68 0.0463639 0.0266645 0.00353557 0.000447311 0.000401443 0.000226975 
368.64 0.0463474 0.0266533 0.00352374 0.000444989 0.000398483 0.000224254 
409.6 0.0463363 0.0266435 0.00351861 0.000443008 0.000397364 0.000222573 
450.56 0.0463271 0.0266326 0.00351545 0.00044106 0.000396686 0.000221004 
491.52 0.0463231 0.0266254 0.00351351 0.000438775 0.000394504 0.000218473 
532.48 0.0463107 0.0266168 0.003506 0.000437631 0.000392337 0.000216815 
573.44 0.0463035 0.0266061 0.00349853 0.000435246 0.000390104 0.000214101 
614.4 0.0462968 0.0266014 0.00349236 0.00043275 0.000389028 0.000211929 
655.36 0.0462908 0.0265911 0.00348856 0.00043084 0.000388324 0.000211135 
737.28 0.0462817 0.0265771 0.00347913 0.000426343 0.000384528 0.000209702 
819.2 0.0462707 0.0265669 0.00346647 0.000422676 0.000381 0.000207569 
901.12 0.0462524 0.0265477 0.00345578 0.000421745 0.0003771 0.000207142 
983.04 0.0462271 0.0265251 0.00344964 0.000420758 0.000374921 0.00020509 
1064.96 0.0462061 0.0265061 0.00344934 0.000417048 0.000372392 0.000205348 
1146.88 0.046187 0.026494 0.00344368 0.000413851 0.000371968 0.000202862 
1228.8 0.0461721 0.0264805 0.0034393 0.000412598 0.000370776 0.000199612 
1310.72 0.0461566 0.0264656 0.00343188 0.000411313 0.000368314 0.000196779 
1474.56 0.0461242 0.0264315 0.00342702 0.000409594 0.000363378 0.000191484 
1638.4 0.0460889 0.026396 0.00341865 0.000406853 0.000357812 0.000185794 
1802.24 0.0460519 0.0263607 0.00340267 0.000404753 0.000353816 0.000180553 
1966.08 0.0460234 0.0263186 0.00339736 0.000403572 0.000351218 0.000178243 
2129.92 0.0460004 0.0262976 0.00338414 0.000400336 0.000350575 0.000174785 
2293.76 0.0459702 0.0262673 0.00336156 0.00039879 0.000346704 0.000171974 
2457.6 0.0459414 0.0262354 0.00334281 0.000393474 0.000342972 0.000170639 
2621.44 0.0459188 0.0262054 0.00333155 0.000389478 0.000341631 0.000170461 
2949.12 0.0458585 0.0261391 0.00329966 0.00038515 0.000337399 0.000170923 
3276.8 0.0457686 0.0260944 0.00326019 0.000382676 0.000335142 0.000171902 
3604.48 0.0456919 0.0260496 0.00323624 0.00038462 0.000331986 0.000170672 
3932.16 0.0456096 0.0260014 0.00320832 0.000384557 0.000328969 0.000170833 
4259.84 0.0455586 0.0259535 0.00318476 0.000384123 0.000324635 0.000169935 
4587.52 0.0455207 0.0259287 0.00315304 0.000386485 0.00031637 0.000170681 
4915.2 0.0454647 0.0259151 0.00313101 0.000385981 0.000309833 0.000167871 
5242.88 0.0453861 0.0258699 0.00311038 0.00038779 0.000310984 0.000164487 
5898.24 0.0453084 0.025827 0.00306786 0.000387209 0.000316407 0.000158667 
6553.6 0.045182 0.025796 0.00301254 0.000384334 0.000314581 0.000159147 
7208.96 0.045091 0.0257861 0.00297622 0.000382202 0.000314842 0.00016051 
7864.32 0.0449608 0.0257181 0.0029161 0.000376047 0.00031464 0.00015485 
8519.68 0.0448641 0.0256504 0.00289185 0.000371123 0.000309233 0.00015638 
9175.04 0.0447668 0.0255683 0.00288349 0.000365958 0.00030567 0.00015373 
9830.4 0.0446825 0.0254593 0.00289106 0.000358542 0.00030459 0.00015357 
10485.8 0.0445666 0.0253338 0.00289018 0.000353631 0.000305105 0.000153557 
11796.5 0.0443929 0.0251354 0.00292351 0.000349203 0.000296576 0.000149729 
13107.2 0.044201 0.0249235 0.00296749 0.000344451 0.00027649 0.000143825 
14417.9 0.0441348 0.0248218 0.00300425 0.000346732 0.000267063 0.000142129 
15728.6 0.0440618 0.0246769 0.00300614 0.000338361 0.000260228 0.000146468 
17039.4 0.0441046 0.0245505 0.00301507 0.000336628 0.000255433 0.00015519 
18350.1 0.0441563 0.0244617 0.00300423 0.00033277 0.000253075 0.000165254 
19660.8 0.0442418 0.0243808 0.00301007 0.000332522 0.00025159 0.00016291 
20971.5 0.0441438 0.0242939 0.0029875 0.000317814 0.000254019 0.000166484 
23593 0.0441676 0.0243949 0.00292652 0.00032893 0.00026652 0.000156942 
26214.4 0.0443601 0.0245689 0.00284162 0.000341553 0.000244107 0.000143594 
28835.8 0.0444562 0.0246439 0.00285105 0.000348638 0.000217506 0.000132379 
31457.3 0.0447386 0.0246409 0.00300297 0.000366972 0.000224224 0.00012252 
34078.7 0.0448715 0.024387 0.00317926 0.000360987 0.000227685 0.000121245 
36700.2 0.0450122 0.0244194 0.00322177 0.000355616 0.000203653 0.000116196 
39321.6 0.0445909 0.0240619 0.00306041 0.000370542 0.000188496 0.000130438 
41943 0.0444257 0.0239238 0.00292649 0.000355979 0.000169635 0.000136637 
47185.9 0.0450224 0.0240256 0.00292975 0.000354125 0.000186382 0.000126636 
52428.8 0.0457858 0.0244788 0.00300901 0.00033802 0.000172191 9.94992e-05 
57671.7 0.0455779 0.025342 0.00266084 0.000333894 0.000204744 8.0493e-05 
62914.6 0.0450644 0.0264361 0.00219654 0.000329422 0.000222072 7.9246e-05 
68157.4 0.0455483 0.0275816 0.00229039 0.000334821 0.000281111 6.84659e-05 
73400.3 0.0464435 0.0282937 0.00211905 0.000351532 0.000323455 3.42982e-05 
78643.2 0.0459222 0.028341 0.00174886 0.000344266 0.000305098 -5.42074e-06 
83886.1 0.0466396 0.0292935 0.00168436 0.000287499 0.000311689 -2.29229e-05 
94371.8 0.0522412 0.033213 0.00148274 0.000178841 0.000309148 -5.96492e-05 
104858 0.0564925 0.034971 0.00207258 0.000154977 0.000561872 -7.20314e-05 
