time G_t
0.0 0.0003248136666666667
0.005 0.0002633195333333333
0.01 0.00011375046666666668
0.015 
0.02 
0.025 
0.03 6.476824666666668e-05
0.035 0.00020456616666666668
0.04 0.0002693798
0.045 0.00022011599999999996
0.05 8.279888e-05
0.055 
0.06 
0.065 
0.07 
0.075 0.00013914856666666668
0.08 0.00019339503333333334
0.09 7.266660666666665e-05
0.1 
0.11 
0.12 0.00018394323333333334
0.13 9.309682000000001e-05
0.14 
0.15 
0.16 9.020767333333333e-05
0.18 
0.2 6.321894666666666e-05
0.22 
0.24 5.397834e-05
0.26 
0.28 6.443354666666666e-05
0.3 
0.32 1.0647710666666667e-05
0.36 2.6220481333333338e-06
0.4 1.2127189333333334e-05
0.44 1.6717173333333332e-05
0.48 7.125307333333334e-06
0.52 5.565724000000001e-06
0.56 1.0140658666666667e-05
0.6 8.096207333333333e-06
0.64 5.156139333333334e-06
0.72 7.459544e-06
0.8 6.137764000000001e-06
0.88 7.1962560000000005e-06
0.96 6.0841380000000005e-06
1.04 5.950693333333334e-06
1.12 6.177400666666666e-06
1.2 5.762798e-06
1.28 5.839373333333334e-06
1.44 5.505035333333333e-06
1.6 5.393726e-06
1.76 5.307438e-06
1.92 5.230944e-06
2.08 5.091452666666667e-06
2.24 5.020833333333333e-06
2.4 4.958614e-06
2.56 4.8304599999999995e-06
2.88 4.659202e-06
3.2 4.5317440000000005e-06
3.52 4.333800666666667e-06
3.84 4.286226e-06
4.16 4.263787333333334e-06
4.48 4.1457086666666664e-06
4.8 4.1232206666666666e-06
5.12 4.070222000000001e-06
5.76 3.927418333333333e-06
6.4 3.884377333333333e-06
7.04 3.862432333333333e-06
7.68 3.7156393333333336e-06
8.32 3.6310793333333335e-06
8.96 3.5929410000000004e-06
9.6 3.5672996666666666e-06
10.24 3.524507e-06
11.52 3.445191e-06
12.8 3.377134666666667e-06
14.08 3.3471463333333332e-06
15.36 3.279939666666666e-06
16.64 3.247178e-06
17.92 3.2511113333333333e-06
19.2 3.2004229999999995e-06
20.48 3.1789919999999998e-06
23.04 3.1169516666666668e-06
25.6 3.081461466666667e-06
28.16 3.052928333333333e-06
30.72 3.0411484666666664e-06
33.28 3.0086712000000002e-06
35.84 2.9726431333333335e-06
38.4 2.937716066666667e-06
40.96 2.9262596000000002e-06
46.08 2.901794533333333e-06
51.2 2.872812066666667e-06
56.32 2.877453533333333e-06
61.44 2.8571628666666663e-06
66.56 2.7936468666666664e-06
71.68 2.8122012666666667e-06
76.8 2.811576e-06
81.92 2.796102066666667e-06
92.16 2.7451842e-06
102.4 2.7410457333333336e-06
112.64 2.712850066666667e-06
122.88 2.7078844666666667e-06
133.12 2.662181533333333e-06
143.36 2.6699715999999997e-06
153.6 2.6576564666666664e-06
163.84 2.655989866666667e-06
184.32 2.6381163999999996e-06
204.8 2.639619066666667e-06
225.28 2.628126333333333e-06
245.76 2.6130132000000002e-06
266.24 2.5965014e-06
286.72 2.5842166000000003e-06
307.2 2.6029572666666663e-06
327.68 2.5983674666666665e-06
368.64 2.561449866666667e-06
409.6 2.5433582666666667e-06
450.56 2.5263906000000003e-06
491.52 2.5380831333333337e-06
532.48 2.522083666666667e-06
573.44 2.5224424e-06
614.4 2.499681e-06
655.36 2.4948753999999997e-06
737.28 2.4856576666666663e-06
819.2 2.473444e-06
901.12 2.4661429333333335e-06
983.04 2.4652127333333334e-06
1064.96 2.4632809333333333e-06
1146.88 2.443207666666667e-06
1228.8 2.4503874666666665e-06
1310.72 2.438834133333333e-06
1474.56 2.4255882666666667e-06
1638.4 2.403517733333333e-06
1802.24 2.410139533333334e-06
1966.08 2.3891758000000002e-06
2129.92 2.364700933333333e-06
2293.76 2.364264666666666e-06
2457.6 2.3440583333333334e-06
2621.44 2.3448077333333333e-06
2949.12 2.3072546000000004e-06
3276.8 2.2810198666666667e-06
3604.48 2.2661316666666667e-06
3932.16 2.2677503333333336e-06
4259.84 2.247129733333333e-06
4587.52 2.231286733333333e-06
4915.2 2.195029066666667e-06
5242.88 2.1711152666666666e-06
5898.24 2.1546705333333333e-06
6553.6 2.1053365e-06
7208.96 2.0388440000000002e-06
7864.32 2.0243320666666665e-06
8519.68 2.0146868666666666e-06
9175.04 2.003926933333333e-06
9830.4 1.959002853333333e-06
10485.8 1.93555268e-06
11796.5 1.88122068e-06
13107.2 1.8278835066666666e-06
14417.9 1.7603083533333333e-06
15728.6 1.7089399066666668e-06
17039.4 1.6395545986666666e-06
18350.1 1.5743730626666666e-06
19660.8 1.5269911396e-06
20971.5 1.4971604066666666e-06
23593.0 1.4056453613333333e-06
26214.4 1.3254791066666669e-06
28835.8 1.26349002e-06
31457.3 1.214091813333333e-06
34078.7 1.1666964266666665e-06
36700.2 1.15905194e-06
39321.6 1.1629952466666666e-06
41943.0 1.1527865399999999e-06
47185.9 1.1594498933333332e-06
52428.8 1.2260151333333334e-06
57671.7 1.1983239333333332e-06
62914.6 1.0494134733333334e-06
68157.4 9.2702872e-07
73400.3 7.783150066666667e-07
78643.2 6.718863333333335e-07
83886.1 7.560114933333332e-07
94371.8 3.8968683333333334e-07
104858.0 1.674435e-07
