time G_t
0.0 0.0002590026
0.005 0.00021547323333333333
0.01 0.00010822406666666667
0.015 
0.02 
0.025 
0.03 4.3147066666666666e-05
0.035 0.0001507264666666667
0.04 0.00021715613333333334
0.045 0.00020578113333333335
0.05 0.00012207049999999998
0.055 9.807251999999999e-06
0.06 
0.065 
0.07 
0.075 6.653535333333332e-05
0.08 0.00013267886666666666
0.09 0.00011058160000000002
0.1 
0.11 
0.12 7.798855333333334e-05
0.13 0.00010144176666666667
0.14 
0.15 
0.16 2.6610733333333333e-05
0.18 1.971613e-06
0.2 8.854729333333333e-06
0.22 3.713164666666667e-06
0.24 
0.26 4.818919333333334e-06
0.28 
0.3 9.45858e-06
0.32 6.4452913333333335e-06
0.36 9.036721333333333e-06
0.4 7.954950666666667e-06
0.44 6.980104e-06
0.48 7.380288e-06
0.52 6.397528e-06
0.56 4.778562e-06
0.6 3.3727660000000005e-06
0.64 3.5335406666666667e-06
0.72 4.073451333333333e-06
0.8 4.152568e-06
0.88 4.196530666666666e-06
0.96 3.653656666666667e-06
1.04 3.5157799999999997e-06
1.12 3.3614600000000005e-06
1.2 3.384330666666667e-06
1.28 3.2049253333333336e-06
1.44 2.9169833333333335e-06
1.6 2.7844906666666666e-06
1.76 2.591687e-06
1.92 2.511221333333333e-06
2.08 2.412454666666667e-06
2.24 2.3391816666666664e-06
2.4 2.2636213333333333e-06
2.56 2.146749333333333e-06
2.88 1.998684e-06
3.2 1.8891306666666667e-06
3.52 1.776856e-06
3.84 1.6691283333333333e-06
4.16 1.6110956666666665e-06
4.48 1.5693240000000002e-06
4.8 1.5206936666666668e-06
5.12 1.4606186666666668e-06
5.76 1.3318623333333333e-06
6.4 1.2572096666666665e-06
7.04 1.1647176666666666e-06
7.68 1.104917e-06
8.32 1.0668056666666667e-06
8.96 9.800637333333333e-07
9.6 9.589652e-07
10.24 9.444651333333334e-07
11.52 9.250409333333333e-07
12.8 8.452508e-07
14.08 7.806145333333334e-07
15.36 7.624753333333334e-07
16.64 7.286225999999999e-07
17.92 6.700348e-07
19.2 6.349493333333333e-07
20.48 6.252211333333334e-07
23.04 6.195028666666666e-07
25.6 6.113378e-07
28.16 5.802376666666667e-07
30.72 5.622062e-07
33.28 4.974075333333333e-07
35.84 4.807607333333333e-07
38.4 4.5802713333333336e-07
40.96 4.4809166666666664e-07
46.08 4.2152120000000004e-07
51.2 3.90848e-07
56.32 3.814684e-07
61.44 3.731850666666667e-07
66.56 3.442066e-07
71.68 3.4528766666666665e-07
76.8 3.5204246666666667e-07
81.92 3.331287333333333e-07
92.16 2.9283583333333334e-07
102.4 2.665414666666667e-07
112.64 2.5370036666666666e-07
122.88 2.3186260000000002e-07
133.12 2.3248333333333332e-07
143.36 2.2157493333333334e-07
153.6 1.9212766666666667e-07
163.84 1.775338333333333e-07
184.32 1.6672379999999997e-07
204.8 1.4003743333333333e-07
225.28 1.3970975333333333e-07
245.76 1.3106379333333336e-07
266.24 1.1982872e-07
286.72 1.223405e-07
307.2 1.1006485333333334e-07
327.68 1.0454174e-07
368.64 8.746821333333333e-08
409.6 8.083504000000001e-08
450.56 8.658101999999999e-08
491.52 7.185362e-08
532.48 8.512360666666667e-08
573.44 8.043228666666667e-08
614.4 6.754113333333334e-08
655.36 6.185559333333333e-08
737.28 5.3854680000000005e-08
819.2 6.314465e-08
901.12 2.8061040000000002e-08
983.04 4.9188093333333336e-08
1064.96 2.983697666666667e-08
1146.88 4.865133666666667e-08
1228.8 6.335793499999999e-08
1310.72 4.1120086666666666e-08
1474.56 3.105918e-08
1638.4 1.0001086666666667e-08
1802.24 1.1068386666666669e-08
1966.08 
2129.92 
2293.76 1.140274e-08
2457.6 1.893713533333334e-09
2621.44 
2949.12 
3276.8 
3604.48 9.246883333333333e-09
3932.16 1.0582066666666814e-10
4259.84 5.185646666666665e-09
4587.52 
4915.2 
5242.88 
5898.24 
6553.6 
7208.96 6.155280000000004e-10
7864.32 1.2999684666666667e-08
8519.68 1.6590119e-08
9175.04 2.1751779999999998e-08
9830.4 1.56165813e-08
10485.8 7.3839639999999994e-09
11796.5 
13107.2 
14417.9 
15728.6 1.3829203133333335e-08
17039.4 1.440245e-08
18350.1 1.3289912666666667e-08
19660.8 4.7807710000000006e-09
20971.5 2.181383333333333e-09
23593.0 
26214.4 
28835.8 
31457.3 4.129393333333333e-10
34078.7 
36700.2 
39321.6 1.2248200666666667e-08
41943.0 1.6702347333333333e-08
47185.9 4.033958999999999e-09
52428.8 5.185601333333334e-09
57671.7 3.9822699999999923e-10
62914.6 
68157.4 
73400.3 2.842933333333375e-11
78643.2 
83886.1 1.2088833333333334e-10
94371.8 
104858.0 8.989483666666667e-09
