time G_t
0.0 0.0002977302666666667
0.005 0.000243572
0.01 0.00011114776666666667
0.015 
0.02 
0.025 
0.03 5.343193333333333e-05
0.035 0.00018124526666666668
0.04 0.0002487559
0.045 0.00021685366666666667
0.05 0.0001019665
0.055 
0.06 
0.065 
0.07 
0.075 0.00010547026666666667
0.08 0.00016837096666666668
0.09 9.241474e-05
0.1 
0.11 
0.12 0.00013593793333333335
0.13 0.0001026416
0.14 
0.15 
0.16 6.519412e-05
0.18 
0.2 4.026838e-05
0.22 
0.24 2.4674043333333335e-05
0.26 
0.28 2.4368033333333335e-05
0.3 
0.32 1.056618e-05
0.36 7.1789119999999995e-06
0.4 4.548805333333333e-06
0.44 1.023936e-05
0.48 1.0031234e-05
0.52 5.028065333333333e-06
0.56 3.2495300000000004e-06
0.6 4.721558e-06
0.64 4.686400666666667e-06
0.72 3.5772040000000004e-06
0.8 5.010515333333333e-06
0.88 4.280414666666666e-06
0.96 4.099331333333333e-06
1.04 3.60598e-06
1.12 3.779552666666667e-06
1.2 3.702405333333334e-06
1.28 3.581046e-06
1.44 3.3811993333333332e-06
1.6 3.2195513333333337e-06
1.76 3.0306419999999997e-06
1.92 2.914220666666667e-06
2.08 2.761044666666666e-06
2.24 2.625932666666667e-06
2.4 2.5684386666666667e-06
2.56 2.520603666666666e-06
2.88 2.3929716666666667e-06
3.2 2.2225526666666667e-06
3.52 2.1590023333333336e-06
3.84 2.0137403333333333e-06
4.16 1.916478333333333e-06
4.48 1.8844283333333332e-06
4.8 1.8450320000000002e-06
5.12 1.7715106666666669e-06
5.76 1.6599706666666665e-06
6.4 1.5800613333333332e-06
7.04 1.5129213333333334e-06
7.68 1.4823763333333333e-06
8.32 1.4164033333333335e-06
8.96 1.354447e-06
9.6 1.2667103333333335e-06
10.24 1.2181113333333333e-06
11.52 1.1840336666666666e-06
12.8 1.1281644666666665e-06
14.08 1.1132945999999999e-06
15.36 1.008867e-06
16.64 1.0204214666666668e-06
17.92 9.71432e-07
19.2 9.843275333333332e-07
20.48 9.341405333333334e-07
23.04 8.742245333333333e-07
25.6 8.460710666666667e-07
28.16 8.218796e-07
30.72 7.629165333333334e-07
33.28 7.653968666666667e-07
35.84 7.353002000000001e-07
38.4 6.824386e-07
40.96 6.703325333333333e-07
46.08 6.017435333333332e-07
51.2 6.110866666666667e-07
56.32 5.628147333333333e-07
61.44 5.429126666666666e-07
66.56 5.172516666666666e-07
71.68 5.282132e-07
76.8 4.987984666666666e-07
81.92 5.037644666666667e-07
92.16 4.898956e-07
102.4 4.785953333333334e-07
112.64 4.844445333333333e-07
122.88 4.6364733333333326e-07
133.12 4.5169926666666664e-07
143.36 4.360119333333334e-07
153.6 4.0197613333333336e-07
163.84 3.87665e-07
184.32 3.6709386666666663e-07
204.8 3.7612480000000006e-07
225.28 3.4575946666666667e-07
245.76 3.2494600000000006e-07
266.24 3.0577106666666667e-07
286.72 2.830207333333333e-07
307.2 2.882487666666666e-07
327.68 2.8216039999999995e-07
368.64 2.596773666666667e-07
409.6 2.455793666666667e-07
450.56 2.4979866666666666e-07
491.52 2.415059333333333e-07
532.48 2.1137113333333333e-07
573.44 1.9779599999999998e-07
614.4 2.0956394666666665e-07
655.36 2.0449546666666665e-07
737.28 1.9925263333333334e-07
819.2 1.7288816666666665e-07
901.12 1.5840610000000001e-07
983.04 1.3495860000000002e-07
1064.96 1.4030068333333332e-07
1146.88 1.6067299999999997e-07
1228.8 1.5991003333333332e-07
1310.72 1.4497516666666668e-07
1474.56 1.506786e-07
1638.4 1.5551376666666667e-07
1802.24 1.4374753333333335e-07
1966.08 1.4845606666666667e-07
2129.92 1.4087039999999999e-07
2293.76 1.3666581333333332e-07
2457.6 1.3838360333333334e-07
2621.44 1.1350356e-07
2949.12 1.0240931333333332e-07
3276.8 8.193059333333334e-08
3604.48 7.398742333333334e-08
3932.16 6.697074666666668e-08
4259.84 3.687426333333333e-08
4587.52 4.118468e-08
4915.2 1.8410824000000005e-08
5242.88 2.1915686666666663e-08
5898.24 4.858832000000001e-08
6553.6 6.9923933333333326e-09
7208.96 2.059378e-08
7864.32 2.5991130599999996e-08
8519.68 1.6039079999999998e-08
9175.04 3.370546666666668e-09
9830.4 
10485.8 
11796.5 
13107.2 
14417.9 
15728.6 
17039.4 
18350.1 
19660.8 
20971.5 
23593.0 1.1259326666666666e-08
26214.4 1.3137366666666666e-08
28835.8 1.883722666666667e-08
31457.3 2.6773933333333333e-08
34078.7 
36700.2 
39321.6 
41943.0 
47185.9 
52428.8 3.794748e-08
57671.7 2.463461666666667e-08
62914.6 
68157.4 
73400.3 3.5060773333333335e-08
78643.2 
83886.1 
94371.8 
104858.0 
